MEMA
2160.000000 7.151151 13.831832 7.167167 -5.173173 -9.351352 0.170170 16.058058 7.604605 4.432433 12.664664 6.475475 7.556557 -8.134134 -7.788789 6.347347 14.625626 -8.078078 1.093093 -3.564564 -6.281281 11.109109 4.490490 12.274274 -4.219219 -2.041041 0.319319 -11.609610 -10.369370 -9.190190
-10.021021 2430.000000 0.596597 1.202202 -12.123123 13.992993 7.572573 -1.193193 -11.272272 13.854855 -15.079079 -13.373373 -7.941942 5.922923 0.041041 7.583583 2.948949 16.224224 -1.362362 5.613614 10.038038 10.706707 8.506507 5.613614 -9.009009 14.094094 0.265265 10.537538 12.106106 12.024024
4.659660 14.396397 2490.000000 10.576576 -12.742743 -11.341341 -0.804805 -12.265265 14.570571 11.202202 3.587588 12.501501 15.613614 1.715716 15.308309 3.783784 0.938939 -12.890891 -8.872873 -4.813814 10.371371 0.014014 16.443443 -15.774775 -4.551551 9.147147 9.916917 2.498498 -9.778779 1.417417
-10.371371 10.132133 -10.781782 2420.000000 -0.238238 -11.378378 -15.397397 12.035035 -5.954955 -0.585586 7.757758 -5.374374 -11.424424 -8.077077 4.107107 16.619619 -6.944945 13.935936 9.617618 6.140140 0.253253 -15.086086 -1.416416 5.850851 1.932933 13.127127 2.345345 -15.085085 15.854855 -9.275275
-0.259259 7.729730 -6.308308 5.303303 2140.000000 10.139139 -11.922923 6.859860 -10.947948 -8.132133 -10.589589 6.278278 -7.605606 7.095095 7.441442 -1.331331 15.755755 7.481482 5.065065 2.080080 5.966967 2.000000 -3.042042 -4.685686 7.357358 -2.527528 -13.947948 14.170170 -8.081081 -12.654655
-15.084085 -6.965966 -5.762763 10.233233 -8.178178 2540.000000 2.772773 -11.858859 4.559559 -6.295295 -6.049049 -10.876877 7.403403 15.796797 -12.932933 1.051051 14.260261 14.713714 14.434435 -7.529530 5.030030 -15.854855 16.007008 3.236236 2.197197 4.517518 12.100101 -8.742743 -6.524525 -12.861862
5.818819 -1.905906 13.142142 -8.086086 1.648649 -1.092092 2300.000000 0.322322 -14.597597 -0.495495 -1.073073 9.802803 -10.429429 8.387387 9.655656 -12.733734 -9.113113 -12.639640 -15.369370 -9.744744 -6.255255 -1.016016 -15.436437 -6.515515 13.478478 -1.579580 -7.147147 -8.322322 -14.855856 12.804805
-11.602603 14.840841 0.618619 -8.361362 -11.508509 3.675676 14.041041 2120.000000 -2.773774 1.274274 8.833834 12.811811 8.024024 -14.379379 -4.094094 -2.125125 -4.272272 -4.190190 16.291292 2.516516 14.082082 7.720721 9.814815 -1.959960 6.009009 15.274274 -14.550550 1.752753 0.132132 2.577578
-5.849850 -1.458458 5.741742 0.710711 11.816817 0.883884 -15.545546 12.855856 2150.000000 6.431431 -2.019019 1.501502 1.193193 -10.526526 -8.182182 16.653654 -2.922923 13.423424 3.104104 2.771772 -9.361362 10.233233 -9.939939 -13.442443 -15.504504 2.683684 5.630630 -13.484485 -2.087087 -12.545546
11.166166 -14.379379 5.299299 -7.482482 -12.846847 -3.192192 -10.164165 -14.042042 -2.357357 2420.000000 6.647648 -14.232232 12.567568 12.316317 2.338338 14.927928 -2.595596 2.616617 6.930931 -11.103103 8.795795 -13.076077 -14.183183 -0.146146 -14.457458 11.241241 0.565566 2.383383 -9.580581 -7.161161
-1.015015 -11.825826 1.809810 -11.360360 14.499499 15.211211 10.607608 7.015015 -3.174174 -1.783784 1790.000000 -0.452452 -11.584584 3.456456 1.338338 -3.139139 -0.151151 3.431432 -4.997998 8.254254 3.436436 -1.415415 -5.065065 10.063063 -11.362362 -13.656656 -3.370370 3.270270 6.523523 -4.164164
5.292292 6.096096 15.709710 -3.415416 2.247247 -5.111111 14.583584 -2.079079 -4.801802 -12.959960 9.860861 2210.000000 5.772773 -15.943944 11.071071 -2.796797 -4.628629 1.299299 -5.372372 -6.727728 9.155155 0.934935 -5.710711 -5.202202 14.384384 -12.590590 -0.763764 10.296296 8.146146 16.369370
13.398398 -9.040040 1.887888 15.563563 -9.948949 -1.816817 -1.417417 -11.350350 -4.689690 12.373373 -3.650651 8.419419 2500.000000 11.424424 3.165165 12.782783 -14.297297 12.341341 -1.927928 -9.179179 0.906907 15.559560 -12.468469 14.652653 -15.888889 4.677678 -6.075075 15.610611 -1.726727 6.725726
-6.359359 6.887888 -3.659660 4.901902 2.574574 -4.855856 8.505506 4.093093 -1.551552 -11.972973 8.963964 8.320320 9.008008 2130.000000 -3.817818 13.607608 -10.117117 9.787787 -15.675675 5.027027 -14.833834 13.642643 13.441442 -4.171171 -2.274274 -13.976977 7.247247 -1.014014 -3.331331 11.936937
12.536536 1.875876 13.791792 -2.200200 -6.972973 -1.571572 2.041041 1.765766 6.888889 -14.537538 -1.798799 12.153153 6.349349 10.337337 1980.000000 -9.104104 -9.759760 12.640640 4.564565 -1.442442 10.277277 6.243243 3.109109 4.203203 7.508509 16.441441 -2.343343 16.692692 -3.433434 -9.488488
-7.551551 9.485485 16.535536 14.812813 -13.204205 13.106106 5.261261 7.136136 0.103103 11.381381 -0.057057 4.663664 15.722723 15.582582 0.801802 2370.000000 8.658659 -14.613614 -0.911912 -8.796797 8.973974 3.605606 -1.775776 -9.403403 5.078078 12.767768 4.515515 -11.419419 -0.431431 12.526526
13.066066 1.268268 -10.973974 -6.823824 -1.893894 -8.173173 16.381382 12.229229 -1.032032 10.244245 1.703704 -15.432432 15.735736 -14.306306 -7.982983 -13.305305 2740.000000 13.010010 11.171171 -10.384384 0.823824 -9.601602 -13.603603 -15.133133 10.954955 7.521522 14.975976 8.626627 6.391391 13.059059
4.430430 11.619619 16.266266 -3.106106 -0.715716 -1.842843 -8.789790 3.236236 -1.803804 -11.580581 2.600601 -3.801802 -15.892893 -2.272272 -2.741742 9.378378 -11.981982 2180.000000 -13.936937 10.542542 -9.372373 -1.758759 -13.130130 11.356357 7.248248 1.705706 9.782783 -15.528528 -3.767768 11.294294
-4.408409 -13.291291 1.935936 -12.510510 -4.588589 -14.947948 8.433434 11.398398 10.335336 13.780781 13.416416 1.552553 8.733734 -4.533534 -4.695696 13.488488 -0.769770 -14.638638 2580.000000 -12.579579 -11.837838 7.898899 0.402402 -9.453453 -5.224224 15.231232 -0.536537 16.107107 -14.253253 -10.668669
15.799800 -7.888889 0.695696 -4.006006 3.303303 13.080080 2.274274 15.433434 6.807808 4.496497 -15.110110 13.828829 0.742743 14.126126 6.870871 14.944945 -9.988989 11.903904 -8.707707 2350.000000 -3.110110 -1.081081 9.910911 10.181181 0.591592 -3.957958 9.814815 -11.200200 10.905906 -8.916917
-7.586586 0.808809 14.556557 5.443443 -1.991992 -11.001001 8.478478 -1.642643 -12.852853 15.747747 -10.133133 -0.727728 -11.187187 -13.428429 -14.001001 -10.335336 16.239239 5.153153 -6.331331 -9.551552 2480.000000 -12.652653 9.648648 7.475475 16.466467 -1.087087 -10.783784 -3.938939 -2.215215 10.070070
12.564565 -10.928929 14.670671 6.833834 4.106106 -8.121121 9.958959 5.033033 6.128128 -14.483483 -4.346346 -11.465466 -9.005005 2.173173 10.963964 6.425426 16.537537 -8.881882 -12.612613 -8.564565 4.043043 2280.000000 -10.716717 -6.429430 9.088088 6.593594 2.710711 -2.353353 2.226226 -10.638638
3.411412 -14.132133 -3.049049 7.934935 1.531532 4.565566 1.176176 7.833834 6.703704 10.631632 6.447447 -15.024024 4.738739 11.160160 15.903904 4.269269 -12.072072 9.431432 -2.768769 -15.938939 -1.004004 8.361362 2000.000000 -2.231231 1.122122 10.935936 -0.233233 -9.196197 -6.747748 6.359359
15.091091 -7.871872 -13.657658 12.648648 10.902903 13.757758 -2.662663 0.385385 -5.178178 -4.052052 4.521522 -2.045045 8.355355 8.178178 -11.728728 6.209209 9.824825 14.058058 0.817818 -9.943944 -14.318318 0.693694 -4.534534 2270.000000 -3.971972 10.224224 14.870871 11.614614 7.764765 -11.536536
9.624624 1.449449 8.408408 5.169169 -14.849850 15.691691 -8.417418 6.453454 10.550550 9.900901 12.020020 14.687688 0.218218 -15.211211 -0.505506 1.990991 15.448448 3.896897 -11.281281 -8.140141 12.869870 1.193193 -4.586586 8.638638 2240.000000 -9.450451 -1.204204 2.969970 1.196196 -6.593594
15.089089 -3.846847 4.685686 1.345345 0.700701 13.918919 -13.864865 11.500501 -3.920921 -13.041041 13.762763 -7.657658 -13.526526 8.740741 3.921922 14.545546 -10.964965 12.708709 -11.611611 10.862863 6.470470 13.821822 0.643644 -9.843843 -4.122122 2420.000000 0.416416 5.476477 -15.007007 -4.990991
9.692693 12.534534 -7.529530 11.477477 -6.183183 0.895896 15.615616 -11.565565 -11.080080 9.404405 4.604605 -9.963964 9.285285 14.570571 -11.787787 5.823824 6.289289 -7.743744 7.672673 -10.752752 2.938939 10.169169 -9.110110 9.514515 -13.174174 -4.511511 2610.000000 5.289289 13.527528 -13.625626
10.811811 -10.029029 4.875876 -13.155155 -2.234234 0.267267 -10.670671 4.179179 16.323324 14.602603 6.454454 11.557557 -13.904905 -14.128128 -3.640641 -11.335336 -6.011011 -14.523523 11.300301 12.585586 9.223224 12.751752 -12.130130 -5.896897 6.111111 -8.466467 7.429430 2700.000000 -12.773774 -0.030030
-12.044044 13.941942 6.365366 8.905906 -2.610611 -8.987988 11.957958 -5.022022 0.453453 -8.305305 3.922923 -1.070070 -0.589590 12.938939 -3.383383 11.279280 3.948949 -0.066066 -14.319320 10.264264 3.457458 -0.984985 1.830831 1.389389 0.078078 -3.019019 -9.805806 -10.098098 1790.000000 9.552552
-8.164165 -2.089089 16.729731 14.096096 5.297297 -8.108109 11.200200 -5.866867 4.750751 -3.708709 0.548549 -14.031031 -15.365365 -3.449450 7.387387 1.352352 15.354354 5.692693 -7.656657 11.709710 15.892893 -3.824825 13.393394 -0.941942 15.167167 5.554554 -5.019019 -3.260260 -15.277277 2410.000000
MEMB
1.763764
-6.108108
14.629630
4.662663
-7.002002
-12.418419
13.571571
-5.167167
-14.800801
-9.069069
0.177177
5.911912
-7.303303
-14.048048
2.607608
14.424424
-15.092093
-9.772773
10.221221
7.974975
-15.643643
-3.451452
11.153153
7.826827
-13.339339
-12.551552
2.023023
11.064064
-9.473474
13.343344
MEMX
3.607608
13.294294
15.743744
11.417418
1.479479
-6.002002
3.639640
9.970971
9.479480
-7.344344
2.805806
1.754755
10.993994
-6.229229
9.707707
-0.178178
8.711712
11.333333
-1.776777
-14.181181
3.454454
-7.586586
-0.272272
1.833834
1.513514
-3.941942
13.342342
-2.653654
2.320320
4.761762
MEMC
8508.422852
31891.830078
39866.851563
27746.248047
2974.822266
-14970.468750
8203.231445
20967.369141
20430.925781
-17886.164063
4596.024902
4827.558594
27252.208984
-12910.582031
19586.398438
236.740784
24558.257813
24985.009766
-4862.570313
-33085.496094
8870.930664
-16645.183594
-350.680420
4300.763184
4083.315674
-9808.707031
34690.917969
-7722.951172
4381.661133
11886.612305