MEMA
65.000000 -12.299299 10.965966 -13.493493 12.462462 -8.484485 -7.961962 -0.304304
6.624625 60.000000 -7.475475 -4.588589 5.723724 14.460461 -10.542542 11.756757
4.248248 -2.778779 44.000000 11.630630 4.224224 -6.559559 10.811811 1.186186
-8.053053 13.558558 -15.993994 68.000000 4.981982 -13.783784 -1.225225 -11.097097
-0.651652 13.200200 -12.166166 2.922923 52.000000 11.234234 1.663664 10.994995
-1.731732 4.464465 -8.843843 8.434435 -4.240240 49.000000 -3.245245 -7.230230
-14.648648 -9.117117 2.980981 -5.757758 6.902903 15.468469 68.000000 4.120120
3.212212 6.183183 -4.966967 -9.537538 6.433434 8.356357 -5.159159 52.000000
MEMB
1.671672
5.761762
-2.279279
-13.544544
14.098098
7.785786
-0.378378
5.595595
MEMX
-1.697698
8.266266
3.407408
-8.572573
10.605606
13.849850
3.510510
-0.438438
MEMC
-72.134171
717.407837
11.425595
-649.184814
751.814331
562.854858
533.374451
253.549896