
 MATRIX A
-22 -19 60 -36 55 1 58 23 -46 37 -13 -13 59 62 54 -43 13 -9 -39 -6 33 56 8 -31 33 -35 -37 20 -58 -5 34 32 37 -52 -25 17 -14 -3 35 41 2 -10 37 59 -13 -34 35 -46 -32 -8
-23 20 -32 13 60 25 -53 1 -55 0 16 -31 60 24 -4 -34 -23 -25 -55 37 7 -46 -34 -3 -6 -63 12 17 43 -7 54 -30 -30 16 39 51 38 38 15 3 25 -42 -24 -55 -42 -1 59 29 53 -25
2 6 30 -57 29 -10 37 -62 40 -43 58 -22 20 12 27 -59 -42 -7 -60 -16 27 55 40 -31 -60 44 -32 -30 27 62 12 53 16 40 44 29 -27 -43 42 26 21 31 -56 32 -25 10 57 36 -13 35
30 55 10 51 30 13 -56 3 -39 40 63 53 -9 18 17 19 1 -58 -60 -55 -42 -61 -53 -26 -42 -14 10 44 45 62 50 -10 -51 27 -31 -59 -18 -33 -62 62 -55 26 58 46 -52 -37 -49 -57 -6 11
53 -63 -63 -49 -16 25 -12 19 -59 -2 52 59 -10 49 -15 20 16 -11 -42 -8 45 -50 -60 -42 9 19 45 7 -63 -63 -3 22 35 -27 -46 -20 -44 38 60 17 -55 -56 -43 -27 -56 15 56 -6 -8 13
-29 21 49 25 -20 -38 18 10 11 44 8 -7 -1 -21 -33 26 56 -23 -10 -12 -40 -38 52 13 -27 26 -32 -55 -34 -2 -32 15 -19 18 35 10 -17 0 44 -10 30 -5 -12 -24 1 -23 40 1 -11 42
-2 -24 -8 49 20 14 5 -35 37 16 38 46 -2 58 21 -29 -1 1 3 -5 23 -13 -19 63 -2 -4 13 -50 44 -10 -49 53 -62 -31 -37 61 -35 -58 32 -58 37 21 -28 -11 -11 9 -51 24 -13 -36
-16 -34 -1 -36 -52 -30 -52 36 60 48 2 19 -37 42 -61 60 -50 -5 -13 -19 -15 11 29 2 -10 24 -45 49 -48 -30 -44 -10 6 21 -2 -58 -41 -24 48 -55 50 5 45 44 -3 -61 44 -44 37 -57
36 -9 -6 1 -10 0 -59 58 16 39 35 8 38 38 33 -21 24 3 -6 -14 42 -47 31 28 29 -45 -31 -40 -37 -7 -57 -42 43 19 12 21 -60 49 -57 -39 18 25 29 -15 25 61 43 2 61 34
-21 59 -29 27 63 33 47 -44 0 -35 -47 -3 31 61 46 46 -59 -45 -59 53 -2 -49 44 -13 -36 30 7 11 25 -34 -52 -20 44 30 48 7 -38 28 41 54 32 -31 -63 46 42 -20 -62 -15 11 -32
-25 39 -7 -46 27 -38 -53 44 -8 -39 -20 -38 12 -25 14 14 21 -19 -60 -14 63 -62 -44 16 8 -45 -17 44 -29 60 21 -1 -61 31 -47 -13 8 49 33 -42 31 -19 47 47 49 -44 40 28 -63 35
-37 -29 17 -10 -9 49 46 47 0 37 -3 50 -30 15 27 47 44 33 10 24 -28 -15 -36 10 -2 -11 -34 50 -29 -11 11 -6 14 10 43 14 51 41 -21 5 -3 -37 -25 47 62 10 -30 -24 60 39
34 -22 -32 -18 56 -17 -4 26 29 58 -16 -31 -4 63 -44 -32 5 6 -1 -9 30 16 17 43 -28 -54 -60 8 50 -43 63 42 62 60 51 -37 -19 -42 -37 -20 -22 -29 -50 -59 -58 60 47 56 2 16
27 54 -43 8 -14 -46 32 -43 -42 58 -43 -5 0 44 56 -29 -59 -31 -36 -11 -41 21 38 -34 -56 32 -58 54 50 -59 -14 30 22 29 -55 34 -28 -26 57 -30 36 -17 60 -31 -43 12 -43 -20 -58 -57
21 -2 57 25 37 24 -13 17 6 -17 -9 15 16 -34 -56 2 -33 14 52 -38 52 60 45 18 11 4 29 4 -57 35 56 -18 -44 31 -40 -38 33 61 50 -48 62 35 39 1 5 54 -42 -45 39 -8 
63 -2 5 -19 55 41 12 -32 -55 41 43 15 -24 -45 -1 5 18 19 -58 49 53 48 -49 12 -10 -34 -28 -50 50 26 -30 9 -19 -3 9 53 -38 -40 56 -20 -46 -18 13 -14 -22 16 42 -44 -42 -31
37 23 -10 36 -56 -32 34 -57 44 4 27 2 -10 -26 45 -35 12 23 -14 -36 51 27 61 33 -32 -53 35 -37 20 45 28 52 -62 -52 57 55 -30 -48 -6 54 -53 -9 25 -51 -8 45 2 2 -59 -50
45 16 -49 -34 30 -20 7 -42 -61 4 40 50 -23 -30 7 -22 19 18 3 8 -45 5 22 -1 2 -39 43 -3 -11 42 -43 -47 5 -21 4 30 18 -43 -48 7 -59 -5 -2 -5 -49 21 -50 -57 -30 -6
63 50 19 -24 -45 48 -9 35 -4 -19 28 -13 -51 -43 61 -1 -2 -59 -61 61 -12 20 -16 -56 -40 31 -22 -40 -36 -11 -47 -49 -44 -10 41 -17 47 -35 -26 -59 4 18 28 -47 37 -56 -25 -5 15 52
-26 -27 25 -21 -39 17 38 47 -29 14 -31 -62 -44 12 42 -15 18 5 -54 16 7 -18 7 -5 36 24 -58 -40 -34 42 57 -51 61 -28 -47 54 -35 23 3 60 -17 -6 -6 54 47 -50 -38 -60 -42 -13
39 20 -30 -15 -8 53 -19 -9 2 -20 -53 -14 39 -24 24 50 25 -35 41 56 54 -49 -48 56 48 26 -14 -59 36 6 7 -34 60 -18 -57 55 -13 -54 63 -6 23 39 33 -42 49 -34 -48 32 -36 1
53 -17 51 -19 -47 -62 -8 -18 -10 -60 -7 -50 -57 -60 -22 -35 -45 -53 -62 59 -17 8 49 -21 35 -13 -34 3 -53 -34 -18 3 -60 -48 25 26 -51 -20 49 -16 -31 55 -16 43 63 2 -6 -33 -17 -50
-38 11 -39 -29 -26 -46 -36 6 -38 37 -7 -13 18 -4 -27 12 51 -43 39 -25 42 25 38 39 -47 45 43 -47 37 45 -45 0 -37 53 -24 42 56 51 36 -28 3 16 -37 -56 -10 -60 -12 -13 -8 22
-46 -62 26 33 3 56 13 -36 -50 -60 15 59 -2 60 20 51 21 -39 24 37 33 0 -29 12 -7 29 50 -19 23 -20 11 -43 -54 -28 39 -8 4 43 -60 61 -10 -52 -56 59 63 -4 -3 -8 -30 -56
-33 -11 -60 -22 43 -36 -22 18 -50 -56 -59 -2 60 3 23 18 -31 -51 -2 -35 62 -44 0 51 -53 26 47 -47 60 -11 -34 39 -45 48 -57 -54 62 62 -48 31 57 -36 56 -53 6 16 -48 -17 -59 8
19 -58 -12 26 -44 35 -1 0 51 -20 34 21 35 8 40 30 50 -24 39 -16 -40 28 -44 -13 1 15 15 -26 20 -9 59 -46 51 -6 7 11 -25 33 57 -46 -2 23 44 -62 -38 -42 -4 -61 -35 38
30 38 60 57 -26 15 -11 36 44 -21 18 3 24 9 25 42 -60 28 54 11 56 47 11 60 4 -33 52 -42 -37 -34 -26 4 8 22 -60 7 37 -17 54 1 -36 1 1 -55 30 -50 -54 36 38 62
-47 30 41 -9 37 -34 -2 -51 -15 44 58 -21 58 27 -11 -17 62 -18 52 13 54 54 -55 7 38 -39 -8 -7 23 -49 -44 -32 -51 -14 34 -62 -29 27 28 -23 -36 -39 -2 34 18 35 32 -37 12 52
33 33 48 -13 -52 -41 -43 31 63 33 33 48 31 -23 -49 -5 40 -28 34 47 11 10 -52 53 -13 -9 -14 -18 -13 2 22 -4 -28 29 42 -2 -26 -57 -25 -25 -6 23 -45 -24 6 63 6 10 42 -19
20 -12 36 5 35 -7 -43 26 41 -22 1 8 -45 -60 -28 48 -7 63 -57 40 -57 -43 22 -22 -31 50 51 -59 48 -54 4 44 48 -37 -19 42 -46 56 -52 -9 -41 34 11 11 -60 -26 -14 -58 59 55
-53 -51 -22 -23 -14 -29 -49 -23 -3 -43 19 -61 -3 41 60 -13 22 -57 -47 -31 -24 52 -31 60 -4 40 -9 23 -52 3 -34 4 -7 -4 -47 1 -41 7 -21 0 -27 -52 5 -39 -54 40 -53 -22 -2 34
41 62 41 55 -3 -4 -18 -11 6 -22 27 -51 23 -32 4 -4 7 -42 -8 25 -49 8 25 -4 -28 -51 10 43 55 7 44 1 -18 -8 -5 32 43 63 36 6 23 -50 -10 -63 -22 30 -53 17 40 -4 
-9 22 -29 46 -11 57 28 58 -55 -17 44 44 -41 35 60 16 50 -54 56 2 14 -21 -34 12 -33 57 39 50 -38 -8 -40 -26 -31 57 -40 58 -2 -48 38 25 -3 -20 32 -37 -32 -57 -63 -25 20 -52
61 -39 -54 45 21 -54 -62 -49 -22 42 -25 -20 -58 -32 45 -8 44 17 -26 9 6 62 13 -41 -45 45 -45 33 48 54 -50 -5 29 -8 30 -42 9 10 -7 -44 24 46 -42 35 49 19 -61 3 44 51
11 41 -52 -38 -58 32 -45 -35 -22 -23 -47 23 -6 -26 10 44 0 -24 15 43 -53 -42 -24 4 54 -48 -30 5 -16 -54 -19 61 -7 -12 19 -9 -27 -10 -7 58 10 -50 -17 -6 31 -38 -1 -30 14 -30
9 -25 -23 33 -41 14 -61 32 45 22 -14 -11 -47 -24 -28 37 4 -1 17 -63 -20 55 -59 -4 -25 48 48 -34 -59 31 23 -63 -26 -45 -16 59 48 -54 -29 62 -12 4 -13 -21 6 8 47 -9 -46 52
-33 36 27 -32 -41 28 31 -27 13 54 -15 6 17 -6 29 -30 -20 -24 13 -48 42 -47 34 -24 6 -51 8 14 -22 29 61 56 -51 2 -58 -38 42 -46 11 29 0 -30 -29 -42 33 2 55 -30 -48 38
-48 -41 -41 -5 50 54 45 -6 28 6 -51 -53 18 6 -56 -9 -12 -22 -44 62 41 61 62 29 -57 -23 24 -55 -58 -4 -1 48 39 48 -43 -38 41 -63 -44 10 -41 25 61 44 41 -9 38 -36 -4 -16
20 -2 4 4 -20 -31 22 52 -15 55 -26 56 -57 -2 17 -54 59 8 23 51 -44 -42 20 11 -47 -20 -27 62 45 -57 0 -25 -38 41 51 13 23 -32 21 -50 -43 55 -62 -9 -31 -63 -45 43 -50 28
24 24 -14 -20 0 62 -61 45 54 -19 12 6 -19 -26 60 -45 -37 -48 59 9 -44 -30 23 44 15 -9 -13 -23 0 -3 -5 40 -40 -43 -34 28 17 45 -2 19 24 -19 -33 40 -5 33 2 13 39 30
62 11 47 58 57 -13 16 -45 15 31 -7 -1 -34 59 9 41 52 -16 9 -14 25 58 20 9 43 -10 49 -23 28 -29 -42 40 -12 -53 -49 -63 -25 -23 20 0 50 -51 -23 14 62 -33 -18 51 -1 45
-10 -62 -41 61 61 -28 -24 -13 -32 39 39 -34 43 -8 25 -18 40 -12 -9 -27 -13 -48 -57 19 -57 38 15 25 -45 -21 50 -42 51 -22 35 47 52 -3 -14 -30 38 -26 -18 2 -3 -10 -37 -45 -4 -10
-16 58 19 -14 34 -46 -41 -36 -16 -18 16 38 47 39 -24 -37 27 35 35 50 23 62 -20 -57 -28 -49 40 -28 -50 23 -43 -1 1 56 -24 -16 6 34 39 -32 43 -37 12 23 -62 27 5 26 4 38
-59 58 14 -61 -25 9 42 -63 25 -30 -10 17 13 -25 5 42 -18 47 33 -34 21 0 57 -39 54 -55 35 -23 -54 -49 -48 -62 -38 42 -6 -30 25 10 16 -46 -58 -22 -62 -42 -55 32 7 -40 47 -13
11 21 -56 38 60 -32 13 38 -9 0 63 56 28 -6 53 -15 -19 -51 -47 63 13 -12 48 -43 11 52 -8 56 56 4 -61 -39 -52 24 49 -39 4 -29 25 -13 -48 17 62 51 51 -46 49 -36 -32 -14
37 63 -57 25 -22 -44 25 56 -41 -36 -4 -18 -54 -38 -44 -15 18 56 11 -50 -17 -47 41 3 -23 55 12 -58 54 17 59 -8 -3 54 14 45 12 -9 32 42 -17 -48 -36 -46 -14 -50 1 -25 -10 3
-6 13 47 59 -19 -2 43 -36 -54 -49 56 23 -43 -57 10 -13 -32 25 62 41 60 14 20 -9 17 -26 -10 -26 29 -3 51 18 35 6 8 15 -18 -29 -61 -50 56 -29 55 -51 -23 -4 -55 -37 -25 63
51 49 -5 35 -25 -48 0 -33 27 47 -34 -14 -17 -36 5 27 48 -2 -18 -49 51 -35 -44 -13 63 -18 38 -10 4 -14 -8 3 42 51 -47 -26 -45 -10 56 -21 51 22 -27 63 22 -15 -51 43 -16 26
26 29 -46 -16 -63 -18 -24 20 35 -49 -47 -40 19 62 -18 46 33 13 18 31 -9 53 29 -32 -63 30 -24 -1 -48 16 22 -46 10 -29 59 12 -45 58 -42 49 -28 -39 15 -55 -25 -53 -43 -4 58 13
40 30 36 -26 -60 45 -22 0 -24 -48 17 32 -1 -20 -60 -14 -38 -46 7 63 56 23 -41 37 -17 27 -53 -5 -61 -43 -40 22 -26 -30 -44 32 26 -2 -57 20 -20 -54 -62 46 21 15 55 -40 -27 -2

MATRIX B
9 -33 -52 -15 -39 3 -25 -60 -57 34 38 -53 32 20 -25 -11 -58 3 36 44 40 -58 19 -19 59 8 -50 59 -62 -33 -33 -23 46 -11 -40 -56 50 -7 63 -46 9 10 -5 -50 38 46 21 -3 -26 42
-16 -20 -51 57 -55 -40 7 -8 40 -48 42 13 22 7 -7 -36 49 -1 21 -50 8 -16 -15 -4 -57 40 -24 -55 35 61 -50 45 22 -46 -33 -42 -60 -59 -42 -58 50 3 39 35 36 -23 23 -25 55 -42
34 0 30 -24 6 60 29 2 -47 3 19 20 -62 31 61 -53 -13 54 8 8 7 49 5 -20 -38 33 -15 59 -28 -22 -42 -22 -26 -50 44 27 0 12 29 -34 54 57 49 -3 47 15 25 32 11 55
-27 19 40 -5 -58 -6 -51 62 45 -56 -28 49 4 51 -41 47 39 10 61 38 -14 26 -34 4 21 14 54 8 -27 -7 21 -16 -9 -11 -18 -35 36 -4 -6 -13 -38 -14 -53 7 -55 5 -39 -37 -46 -47
-51 -60 -45 -13 -13 54 35 -7 28 18 -19 -40 -21 50 36 -41 61 12 -34 26 -57 -17 63 58 -10 47 48 15 59 -63 55 38 -25 25 1 0 18 -32 13 13 -40 48 5 25 -46 13 32 -3 36 59
60 -38 3 33 -11 61 -16 -20 -38 -32 58 12 50 -33 -14 -41 -51 50 -61 -51 -49 53 6 -29 16 -7 -5 -51 -21 -53 -33 26 21 27 -21 50 -35 52 -17 -6 -21 -36 -2 40 -24 -23 -2 41 17 -37
-10 5 48 -8 -10 35 -3 12 6 -10 -47 60 -44 -46 -56 29 40 10 37 -13 -43 19 25 -53 26 56 -53 -47 -55 56 53 36 10 -51 -57 -8 30 -21 -59 -58 -5 -51 -25 -20 23 9 -62 -9 -48 -54
-55 -21 48 -19 35 -54 14 29 22 61 59 40 43 21 -52 34 -14 -13 35 43 -19 -14 -47 -48 19 15 -25 -30 -4 31 -30 -50 14 40 59 56 -41 -41 -58 -11 -42 -12 -21 25 -13 16 -15 -60 -33 -59
-41 -43 8 60 -24 57 3 -8 46 -5 -4 -26 -53 48 9 -44 -35 35 10 -55 24 23 -34 -45 25 40 23 -42 28 38 6 -29 50 -45 52 43 14 2 51 19 6 -18 -46 -7 -29 -54 21 49 38 -42
33 -43 -54 26 -48 -43 50 -18 46 0 -36 1 43 -32 -31 12 27 32 -2 -37 -21 -21 48 -45 26 -31 -16 40 -32 34 -42 -9 13 10 9 -51 26 19 -47 -2 -36 7 42 -63 -32 -21 52 -27 -13 -38
-34 51 62 36 28 58 0 3 35 28 -35 34 -42 39 -54 -42 -12 61 -11 -63 57 -23 -50 60 -16 19 -1 -48 46 60 -2 -15 61 54 11 2 -27 51 54 32 24 47 -47 -52 60 3 -33 -2 17 52
-25 44 -35 58 -63 -47 -1 -33 50 -14 -5 -19 10 -35 28 -53 -2 -32 -45 -55 -1 -42 -40 38 -55 -46 -51 38 -32 41 -44 54 -62 -60 -39 -3 -6 -50 20 -54 -18 -41 -14 -50 -16 -16 -29 19 14 57
-41 0 38 28 -41 3 32 4 -12 35 -19 -41 27 5 32 12 -10 50 -49 27 -35 49 -13 28 23 52 23 -41 -25 -18 -1 34 18 -36 6 -54 -10 4 -3 -46 -51 13 50 -30 52 28 -17 43 42 -36
27 -3 -18 50 -51 -4 28 -18 -15 28 -21 -9 -31 -50 -48 -38 3 15 2 35 -45 -61 28 -15 -24 4 -40 53 -30 -33 23 -10 -51 17 -52 36 -43 -50 -35 -57 -5 38 28 5 14 9 7 -10 14 -7
52 22 -34 -6 -41 -39 -46 -48 38 -59 -5 3 9 -7 -40 -45 -28 28 46 3 -32 5 -63 56 21 42 46 61 -38 37 35 -16 48 -49 42 56 24 -55 62 54 49 -5 8 16 -7 -38 -61 25 16 -23
-53 43 -37 -18 -42 -17 -37 54 53 -16 24 -37 -50 58 8 -5 14 -35 44 -62 13 3 -10 -57 33 25 13 7 25 23 25 22 -25 -15 46 63 -34 -59 -33 51 -30 -61 61 5 32 -7 55 4 44 -34
9 -61 34 -33 -39 -49 44 -50 21 -16 -8 -35 49 -19 10 26 -27 53 6 15 -1 -24 -63 -12 -15 13 60 40 38 16 -14 -47 -47 -60 -11 -51 48 -7 -35 -7 16 -6 5 -43 -10 -16 9 10 56 7
9 1 5 -40 40 -35 6 -38 -47 34 43 1 27 -27 -46 59 2 46 58 -26 45 4 39 10 -11 -58 -13 -33 5 63 12 -23 45 40 38 -62 61 -14 -5 -49 20 27 7 -10 45 -23 5 25 -39 62 
36 -13 -23 -15 45 2 5 -45 31 54 -21 -44 -14 8 -60 -17 6 31 -18 -57 -4 -55 -52 36 -27 -57 -5 -59 18 -51 14 21 5 56 37 -32 38 61 1 -5 -35 45 -15 -1 35 17 41 27 48 41
-10 7 -32 35 -54 42 -34 9 35 -5 -53 62 -56 39 -32 11 -61 12 62 20 -63 26 -5 57 29 18 10 43 -53 -49 31 -47 -35 -3 42 51 -22 -8 -9 17 16 47 45 -45 53 -59 36 -4 -16 -50
-49 -36 37 -25 51 8 -63 -2 58 -6 27 9 57 -58 -10 15 9 -51 22 48 33 -21 -8 28 -28 -20 18 25 47 -40 37 24 -36 -29 30 -12 46 7 -10 -53 -11 29 31 34 -49 -13 -31 61 -38 61
-60 -41 56 -31 -34 27 -59 -25 39 45 -56 39 40 -5 24 -9 39 49 -3 -34 39 32 36 47 -29 -46 31 -1 9 39 33 -49 -14 -58 7 -7 16 32 -46 29 -55 -27 33 47 12 34 -32 -32 -57 -23
31 -17 9 -62 -29 -56 1 41 -45 -52 38 5 20 -55 47 56 63 -12 40 61 57 -28 -43 -1 -35 -14 44 -43 61 -30 16 -60 -1 -36 26 13 -13 -7 31 22 0 -6 60 44 17 -20 20 -61 4 -47
14 29 -41 13 57 26 4 42 51 -10 -27 61 33 -61 -12 0 40 -4 -58 -43 -17 -28 40 -29 26 16 35 -8 -58 -42 -30 -54 -13 9 46 -26 -19 44 16 -46 22 6 56 48 39 -58 63 -14 -52 38
-9 -27 47 56 56 30 -37 59 2 38 -11 63 -48 -45 -42 -26 -12 54 -11 11 -27 29 22 32 -60 -15 -41 8 18 8 -23 62 -48 48 42 21 12 -2 -26 -37 17 45 -34 40 52 32 1 52 4 -58
-32 -27 -47 -2 -62 -3 -62 51 -12 32 4 -48 48 18 -60 59 53 -40 -23 19 -16 49 -32 -63 -53 21 -33 29 11 17 -21 -43 -53 -56 17 32 -14 -17 23 42 -50 2 30 21 30 13 -13 5 50 59
-2 37 -9 34 39 14 16 -24 13 -10 -41 52 -34 31 -35 25 -51 -19 -52 -26 -43 0 62 -3 -45 -30 -5 53 41 8 15 -42 -20 61 -56 42 -46 62 15 -34 -25 15 19 -14 62 -31 -53 32 22 10
-63 -19 55 -34 46 59 0 -8 -36 45 -32 60 -58 24 59 31 -8 -28 -16 -6 51 14 2 11 56 60 28 -50 -43 -5 -16 -41 14 45 41 -24 15 -59 -15 -39 32 52 58 22 -35 -46 -30 -57 -19 3
-60 -29 -8 -16 -33 -57 15 30 48 23 -59 38 -60 -15 61 -23 63 61 -32 -5 -36 62 -10 36 10 3 -27 44 -63 -15 -42 -36 53 22 -31 -44 -23 -35 41 -62 -31 -21 -11 -6 -22 48 37 0 59 -3
44 31 -28 34 -44 -12 -55 -16 -2 46 38 20 45 -39 -34 46 -1 -25 -5 35 -27 -21 -63 -14 -55 42 37 43 -25 -17 9 61 11 -53 24 55 0 54 33 -60 -47 57 -51 -29 59 6 -1 -60 -17 48
-40 43 -19 -7 14 -45 47 -56 39 49 -17 -52 -61 19 31 -11 -13 -18 9 25 -26 -32 18 12 -39 -51 19 8 10 -26 -37 24 49 -61 55 -21 50 44 37 61 10 -47 -9 -52 45 14 23 -14 -37 -15
-50 -24 24 38 7 63 -35 -5 20 32 25 37 -10 -33 36 -12 7 -40 -58 30 51 -44 -41 -46 4 60 58 60 46 -16 34 41 -11 8 -28 -14 -5 -54 -41 -42 -21 45 -13 12 2 32 56 4 -21 -11
8 -63 -20 47 0 55 -23 11 7 36 43 -5 8 58 -13 -2 33 25 -55 -2 47 0 13 40 12 31 -50 -42 -29 -10 59 18 -23 41 -16 -48 -26 -58 -62 62 -36 -52 -30 -7 56 5 9 -26 -44 -17
-42 10 60 -39 63 37 2 -29 47 -43 5 7 34 29 2 -23 -21 18 -44 -9 -7 -5 46 50 48 45 -56 35 -60 -3 44 -59 20 -8 -63 -6 17 -39 33 -44 13 -49 -21 49 15 29 25 14 21 45
1 5 -60 0 32 -43 2 55 58 -18 -5 24 8 -28 3 45 -23 58 -35 14 -31 -19 -40 -48 -50 41 -62 55 34 33 51 53 19 -26 35 40 -2 42 -50 19 -2 -7 -45 42 -18 20 43 -19 -48 45
-52 47 -28 36 13 -61 -46 -29 -60 45 57 40 20 27 24 -56 -26 -20 -62 40 22 21 -17 19 60 -62 18 25 35 -43 -6 34 -48 -61 -6 -19 52 -22 8 10 -19 -37 42 35 19 43 12 25 36 -33
16 63 -21 -13 -46 -53 -11 10 -43 50 13 -34 -37 35 41 -23 29 53 -27 -22 -19 10 -34 55 -21 17 26 12 -40 3 -60 48 58 -36 -25 59 -37 -27 4 -54 -60 27 22 -32 -50 -9 -29 -32 -11 -25
61 60 -22 8 7 -39 29 -21 28 -61 -50 -22 -10 44 61 -27 47 -40 40 -25 61 -30 21 11 -8 12 29 33 -43 2 -42 -23 -20 60 -45 -26 34 -16 15 37 24 47 45 -18 56 57 -60 63 -6 17
-59 16 -60 -45 46 52 -6 -16 0 -32 34 -60 62 28 41 31 -23 -62 53 -55 59 49 28 14 35 -18 -43 -36 32 -52 4 9 39 -35 1 53 31 -56 -18 -9 23 45 59 55 -39 -31 58 -10 -40 -11
19 -51 -55 -2 62 -10 -57 0 -31 52 -41 -25 24 -63 49 4 46 -61 36 -17 48 -26 -15 -61 -37 10 -2 16 -15 44 57 22 -37 -1 8 -13 36 -35 28 -5 60 -4 19 -23 15 16 51 -5 -46 -53
37 -45 44 -32 6 16 7 6 47 1 40 12 19 -9 -11 1 -8 -9 -3 18 19 -16 23 13 46 37 -54 49 -24 -16 58 61 54 22 -40 -29 60 -58 22 16 30 6 -53 58 -44 36 26 15 -61 -22 
4 -63 6 41 -22 -39 46 -19 56 54 -11 -47 4 37 25 -39 52 -55 -25 -49 37 42 35 -19 -51 56 -39 -23 -52 2 63 42 2 -14 62 50 -7 -15 -60 13 -41 13 -19 -61 25 40 56 52 -47 -57
-62 -47 33 -13 -55 -1 47 -28 -20 -54 -39 -49 -17 16 -53 10 -17 -48 -41 -1 -51 -51 41 2 -48 43 44 10 44 -61 -57 -16 -9 48 -63 33 62 5 0 -11 -63 10 -37 5 1 -13 61 -55 54 1
-31 -51 -47 -15 -58 60 7 42 63 40 57 21 58 50 29 11 8 14 -25 63 -41 1 -8 38 57 -46 -49 33 -56 -54 35 4 -63 59 7 57 -55 62 -22 27 30 -1 -47 60 -31 -40 53 60 -58 40
-53 -18 -39 -7 31 -38 38 -2 -34 -21 -31 6 42 -47 -21 -51 -48 -28 -33 -24 58 22 -31 34 13 -61 -11 7 45 -37 21 -1 35 -54 56 42 46 25 32 -17 -30 24 12 -47 49 29 34 27 55 39
61 -12 41 -17 -19 -57 56 48 -60 -62 -32 56 -33 58 -46 10 48 62 10 23 -14 35 56 -17 -38 -38 7 -39 -13 -33 -7 56 41 -7 -49 52 -15 58 -59 8 32 -26 16 -26 -42 34 -25 -32 11 57
4 -63 49 56 -20 47 -25 46 -24 49 55 -22 -7 -56 -15 -22 51 52 -20 -24 -44 -55 -17 45 -14 44 -7 22 29 -5 30 -3 -40 63 -63 -24 49 23 -38 54 -5 16 21 46 -56 1 -17 23 -55 -11
36 -42 50 -17 27 46 35 20 20 20 -36 5 -55 -58 46 -6 -48 5 -19 -31 -24 53 -44 25 -3 53 35 13 10 42 -17 58 47 39 -41 -15 34 -37 44 -33 63 55 54 37 -7 45 29 18 -40 1
44 -63 -48 -52 -13 45 44 40 -12 17 53 43 -17 5 -18 25 -25 -61 7 2 4 11 -34 51 -20 -3 39 40 36 -26 31 -24 41 -23 -33 -10 -61 -22 45 -53 -47 44 -16 -2 0 16 11 8 49 -44
-35 -51 11 -42 30 -37 -24 42 -39 9 48 15 56 -28 -54 5 -21 11 28 39 -43 -5 -6 -5 -59 -32 -58 -44 1 -23 52 14 -62 -62 16 51 -3 26 -62 -55 31 -5 27 -29 3 55 32 -63 -37 63

MATRIX RES
-8030 -15319 6215 3599 -6373 15166 -2886 -10743 -6542 15310 4179 -3572 9445 -10421 7508 -4880 7093 2219 1801 18923 -4119 -8079 9964 5516 1101 4592 1750 4934 -320 -9095 10945 7467 -20734 -2769 4408 167 11474 -7467 -19550 6763 809 7519 7914 6821 -1622 -2876 -3095 491 -19139 -13419
4358 12630 -1367 4969 7183 -2124 9794 2095 -1867 844 -1717 5518 -14428 986 16001 -6148 -4328 6365 -6493 6677 -17868 522 5343 22782 6366 9760 11825 12355 1435 -10545 -7352 9569 14305 12328 -18088 -13195 -1752 -6938 9646 -3614 2845 10654 10124 6567 -12561 6299 -7296 -489 1149 -11382
-7210 -13981 4409 1978 -1826 20197 -15138 1988 752 13704 12666 -440 9004 -10301 14849 -4674 9864 6987 -7938 9506 7138 8484 -6739 5095 -5781 17864 -10601 5422 3737 3342 29590 11636 6586 -24274 -5309 6472 2053 -246 7189 4657 11081 1646 -1480 13469 -1712 11947 4886 2629 -18952 14364
-8989 7100 -11294 8707 -22608 -9387 7309 -10897 11263 -931 -6816 -9615 -2621 12520 4454 -6757 4137 -11726 -3874 3007 -14886 -15195 -1792 -9623 -8668 12429 2399 12621 -16231 6732 -19003 -3035 -2672 2843 -5520 1272 -18633 1021 14103 -9813 -700 -6079 -19089 -23309 -2758 -6311 3635 -16588 15503 6750
1961 8863 579 10876 13397 13415 -8188 -6976 -13457 3080 6934 -11869 4249 -2150 -9510 1803 -12688 -13257 6147 -1659 6297 -16044 8435 -3337 4363 -11173 -11394 989 7138 4255 -3112 -1367 -20167 22893 -20844 -5026 -3554 -7087 -9458 9461 9070 -990 10219 -9089 -3265 -2411 -22777 8625 -6659 10400
2114 -935 175 -4454 -3116 -6416 3301 12868 2050 -12951 11721 -6603 12286 -5600 -51 7948 5236 233 8374 -1086 3903 -3528 -11706 -17802 -1256 9726 -4890 724 11970 7214 2919 -2948 -7005 -16965 -10 -777 4739 -4174 -8204 5061 5483 -2242 5650 3449 -2938 2089 13872 -7895 -306 -2478
-2565 7602 1203 12509 -7014 5937 -440 -4482 13407 -6196 -6874 12056 -581 -8109 -6256 -12149 -5149 2618 -10062 -3279 -3406 7781 487 -197 11827 -5723 5780 9662 361 -6459 -1421 4994 3721 -5359 -4663 -2902 378 -1911 11216 -16318 -2038 5295 -4483 3802 -10539 -4343 2995 14087 7763 3146
-11464 -10095 1595 -2424 -4182 22961 5485 9145 9759 1658 15960 -11031 4686 5769 -721 7994 -2101 -17029 940 -10857 16217 -10704 5600 -8751 16124 3375 -14053 -2936 5418 -465 -84 -21021 -3031 18918 7431 8089 -8321 -10311 -4719 16118 -8729 946 -5448 18216 -13380 -18179 15870 -2610 -4035 -6418
18704 -17514 9272 6852 -304 -11690 15128 6230 -2088 -11180 13594 4998 14409 -4388 -22814 -7545 -6129 9289 -1194 10150 1165 -14492 -2992 8288 -2124 722 -1655 1705 2584 -7595 3490 -4104 -2000 11595 -2704 -4417 2563 4997 -3116 490 412 4791 -4355 -3255 3177 9739 -856 6776 5962 5558
-2519 1631 -31712 1352 -9988 9093 -9454 14020 10616 -24548 -915 6145 3948 6149 13317 -583 6851 -14696 6277 7155 -1225 13738 2826 -1886 20724 14961 -13514 6152 -10507 -6567 25930 3427 -5364 -9010 -6862 10535 -18694 -30746 4146 3694 9279 -9613 10887 19007 -825 -7639 3399 7182 7001 -13546
-18390 4901 9985 -4915 12943 1726 5304 -5065 5684 -4944 13059 -9289 10690 -1874 11396 -5022 -12556 -17832 1561 9872 -3244 -9009 -1227 10170 8982 12856 9437 5226 6557 -12535 -9437 4697 -1932 7100 6479 10906 11872 -5608 4960 -5633 14764 17436 6753 12839 -7479 -5186 4491 4083 -2269 14109
3574 4040 -11910 -7106 400 -6640 6125 3236 1475 741 5027 12739 1501 1647 -5675 -2863 -10301 6520 1489 -5761 -4006 -413 -11063 -617 8006 -8468 -5893 3931 -12516 3619 1129 466 -2670 -7835 10678 14403 -4961 -4091 -10779 -4521 -11 -4582 899 -8155 -424 -4797 -168 -490 159 2736
396 -20959 13335 -3032 11260 4702 13643 3967 7875 10663 -4178 4207 -11106 -12767 4107 980 11498 25339 -6239 9515 -7477 -13960 12463 -1264 5070 9372 -993 -2768 -3580 -1370 7662 -2882 12726 8215 -8642 -26785 3425 -4082 -13221 -4054 2680 -8641 2698 3475 -17037 9870 12130 -16630 -17016 4923
-11092 2698 -1562 -5179 -22349 -7033 -689 -13632 -4819 -18676 -10311 -6603 352 7160 7662 1363 16397 -11902 4360 6096 8765 1511 18516 -1631 24626 9068 -3973 -2327 -14801 -871 -9148 -8334 11022 -5222 -23998 -19836 7245 -37018 -1494 5229 1019 -14991 10730 10520 -14594 -2689 -328 -21286 5567 -17495
-682 3531 9177 -19174 4000 3540 11083 -7133 1804 -6201 4976 -7349 7043 18112 1779 3717 6440 -12141 3436 -2048 12342 -674 18970 6716 -13655 -10568 5901 -8251 4163 -21999 -7179 1558 10777 -6479 3727 8950 7769 15004 5311 -8854 -13993 11231 1692 4590 4062 6143 -1427 1742 -3345 13715
-13683 1297 -5789 5817 -7506 5795 -13782 -10072 1240 -4201 1631 4493 13866 -3584 -1511 -6494 -458 11752 -801 -2119 -4334 1377 13865 7276 9574 -6472 -789 12094 1803 -7143 -3662 1167 -3848 -6008 -7182 -7391 10544 8273 -5303 -791 -3870 -4060 3736 -659 -6830 -3440 4165 779 -3368 13190
651 13847 1190 7398 486 -21115 -11498 -11548 -2182 -12283 -13621 8647 -600 -23678 1158 4978 3210 2886 6036 1135 11846 -10148 -10717 -17019 -11749 -5466 21595 4281 16798 13940 -3054 4478 12994 -23436 1645 -10048 19992 18292 11298 -6425 7924 -6887 -977 -6755 1750 -5895 -3731 -6272 -5517 -398
10030 16873 -12555 6076 -7939 -17687 -4094 -12612 -11933 -856 -5697 5054 2428 3225 -8218 3002 2215 8467 -3515 969 -4010 -11162 5381 5608 -8223 -13979 -157 -5160 -2509 8642 -5784 1984 -6171 -46 -5473 -5177 -10642 13176 1156 -3841 -2093 -7824 -6631 -17800 10331 -8701 -12189 -14279 8731 11189
3304 2917 -4986 -3390 -18468 -9773 -8720 -2828 -6515 -15817 11707 -2583 9259 5181 -16093 -6884 -26660 552 12065 -1575 -6853 8035 -17006 -1938 -2249 9151 -8061 5567 1913 10933 -8805 -8382 11925 -25461 5025 26578 -11714 -507 6497 5413 -1376 -4541 -4759 -7772 -1128 -2312 -8176 -10060 9967 -5558
5124 2366 -13650 972 3434 -10427 -12520 -5350 -9854 5464 11241 -1020 19551 -5350 -5979 2621 -700 -12210 15864 19186 4684 3056 -441 -11745 8332 -14640 -6946 1390 -10212 -3613 2253 -6378 -16928 -11254 24676 9572 7404 984 -3198 21471 7163 -12491 -3604 -2699 17622 -4511 144 1273 -11216 -15472
-10210 -7422 -17247 9813 881 -2205 -10159 -7771 6225 529 5301 -16149 12144 -1332 -9627 -11488 -16428 -11862 -8057 -7596 -6278 15368 -425 2294 10680 -1481 -4954 -4408 -2742 -22782 -4383 13621 -1113 -12636 13965 2660 9511 -11065 4273 -4050 -8221 -5801 8438 -699 13971 -1132 23420 13922 14432 -12190
-5520 5419 -3717 -5080 7793 7469 -4461 8081 -15761 -6812 2541 7582 -2200 7280 13806 1349 -11515 -17902 16087 14834 22490 11675 1865 -5208 9246 -8530 -4903 1653 8225 -9751 2743 -8127 -3750 -9610 21961 18084 1218 10890 4324 19358 17126 7665 362 4288 3955 -3000 6403 4931 -11420 -6648
-2641 15913 -7029 -6474 2888 -24400 -5819 -5578 10910 -642 -37 -10040 23176 -7452 7584 5370 11502 -12969 -7543 -6006 7928 -4271 -8015 1386 -5228 -4806 7181 8276 6254 -534 -5794 -12740 -6467 -14814 -4467 -5499 -3628 -2590 2832 -10206 -18018 3826 19861 1568 5315 6693 -642 -2182 13182 4108
7825 21793 -11454 4806 -3141 -2543 -8701 6668 10676 -5209 -22370 7331 -9556 -8503 4781 -9452 -2263 5146 -4758 -476 -15436 1628 -11069 3577 -3416 -15310 1661 24156 -7809 -4056 3731 113 -22096 2387 1815 14644 -7042 16808 12441 7861 3242 -3526 3787 -1438 4185 -3634 -16125 24212 7834 13862
-3191 15767 3453 -10273 3783 -21681 991 171 5542 -18871 -16755 -12348 3914 -5198 6291 -9 16745 -20418 -10406 9674 -10186 -10614 8916 -1562 -2933 11737 14343 11369 -4961 -11472 -5252 69 -539 6982 -20973 312 -2880 -13366 13557 -13538 -11043 -3386 7448 3255 -6475 9083 -8649 -1245 17092 11882
-9770 11118 3157 7898 -6859 -5343 -2878 -17037 9507 -2700 -6142 -22213 -606 18370 -11334 -6448 -12088 8354 61 -14495 -2150 1059 -836 -555 113 -1540 -6019 -7715 -3901 -281 -5310 -9662 1417 -9137 4284 1941 11132 3989 -260 19210 -14037 -17817 -10748 -13503 11520 2513 -7406 2455 8244 -6229
-10682 7463 186 -4558 14251 10505 -12085 -3736 1746 -3306 5620 4097 3901 2668 -10080 -10331 -14282 -6774 11044 -18224 12279 7669 -2481 7123 -1775 -6824 4931 -13028 5753 -1348 204 -10449 6655 -13427 12503 8089 -4177 -6358 8981 -24783 -3915 8444 19086 2870 18458 -2873 4006 3304 1666 -6307
-6437 -10639 7678 -3369 2788 9429 13123 6371 13765 -8504 -20993 5962 804 -3533 -5738 -6038 5135 28196 3563 -7743 -10903 -308 7088 17613 -12591 -9027 -1239 -2640 10225 -3661 2596 -3955 -11704 4587 390 -5925 -655 22430 -16428 -8096 7215 18629 9746 -1366 -4993 -379 -834 10985 10996 20358
-1077 -2000 2381 10033 236 -1648 12242 754 15288 6601 -2933 7426 -3740 4922 -5937 -6207 -13337 13124 -5698 -9505 188 -113 -9417 -4419 -3760 -1776 -4773 3577 -1948 6485 -8756 -1904 8734 -17352 12715 -5606 -6207 15571 1024 -8594 3362 94 -1827 -14949 5690 -684 11981 4119 5822 9010
-6654 -3460 -16588 3440 -12114 -5601 668 7465 -3122 430 15403 -1591 -9729 29947 3883 1520 4987 -10523 5512 6623 4252 2819 4356 -11414 -4461 -3979 1060 7835 7436 1619 -302 -21342 -16292 6487 3231 82 -16470 -6229 3246 17224 -7100 -11037 -4057 -13032 15372 2830 8088 5487 12579 -1175
7273 10814 11913 -4502 7049 7193 -9071 1838 -10926 -10547 -12029 8433 2043 3091 -6921 3833 -1279 -3775 -74 9518 209 2056 5021 -6756 451 1887 22324 -3030 3596 904 124 -18905 -12482 -2780 1444 7152 -10093 4965 3042 14206 9610 -2376 7089 7710 696 -4441 -17756 -11969 8353 6982
3686 17074 -407 -11172 -2114 -6008 6328 -3806 -7634 -12543 -9682 9332 -20614 20502 20474 -2637 -3225 3938 13034 396 10222 9257 -4915 7228 7623 9187 20346 -838 -3320 -4381 -18449 -5092 28145 -10416 -8756 -11497 -633 -9108 18697 -7627 10092 7598 12641 -4647 5192 7829 -4071 -15281 10132 -14187
-8119 15219 -2745 -2563 1411 3117 -14670 -16670 6622 -7881 -485 2689 11643 5447 -19372 872 -13532 -20581 -2459 -9584 -4103 -4928 -12802 -2357 11115 4412 3776 1406 -676 1857 -6140 -14698 -6796 -3968 -7736 5723 -4478 -18503 8154 -9120 -7630 -5595 -150 8829 -2198 -15335 -12561 -6782 20452 -8028
3383 -18601 -15761 -24100 -20474 -15869 -6014 2667 7984 -2225 -935 -239 21567 8880 738 15900 5661 -2649 11664 14958 15076 7969 -8236 10712 4314 -4845 2997 18163 -10788 -2267 16833 -9421 8373 -15616 8614 -363 3877 -4066 2976 4912 -9057 5681 -6944 -10251 -12573 9355 3905 -12896 -7181 19202
5703 3283 -17896 10698 8618 2823 -8602 -51 -2525 -7481 5052 456 -1077 -12428 7144 -8072 -15648 -9472 -1202 -8911 7116 -8660 -9021 -4722 11746 -4472 -2587 3419 3559 1645 -2371 7944 -4783 8312 924 -7098 -5645 -11959 212 4658 13893 -5800 -472 4342 3657 -7534 13799 8461 9208 -19167
-804 3636 -5080 6031 1077 -19571 -17475 -1010 -13706 18880 8915 -13275 14949 2598 -14480 894 -2618 -337 -693 -9093 -1883 -1500 -4776 -19282 -10479 -23158 1085 -5129 10782 12162 -5342 2320 -8907 -11240 10584 12200 7220 23455 -3478 15534 -10771 -16504 -1450 -7559 -7076 1611 -4443 -8024 -6424 180
6016 5154 9140 6012 9162 -4759 -1015 -10319 -13018 -2091 6616 -4343 389 -27196 2876 -8429 123 1073 2102 -3751 -23 -9755 -5801 -6253 -8941 -3316 3350 -9245 6474 2217 -6865 15000 9027 -15143 1613 614 7806 6295 420 -14116 9792 1874 7964 -8781 -8098 -6943 -5199 -2908 -1484 -6184
-11825 -20116 8827 2278 -11966 21630 -1347 4089 -176 -1009 76 541 11157 -4507 -2575 5628 8502 -3933 -14806 8771 -13655 -3062 16509 639 3456 4802 15758 -6843 6514 -20754 23042 -11403 -13297 -1215 -5333 15236 -8516 15431 -16862 5876 -27250 -12342 -1152 4196 -6060 -15109 9540 -5630 -9705 -15412
-3797 7233 -5416 -9473 2802 -20653 11719 -11334 12581 1202 -6915 2351 -794 -2649 11580 2764 -9174 7486 6968 -2785 -4859 2504 -9577 -2585 13786 404 -15008 922 -22992 12725 -10583 -17009 4327 -9761 12501 -6308 487 -15083 -4735 -11867 11833 -3816 7074 -9290 -11843 -8570 7115 -10969 -8180 -766
18714 -2025 -13909 7020 1081 1009 -1476 2299 -3026 703 13549 5720 2931 1671 857 -16728 -6351 489 -2335 -896 -1025 -3523 -17830 4021 3650 -6826 8760 -3211 -1281 -12282 -10452 3782 9103 7627 4625 12444 -10786 7428 16487 3957 11745 10009 -1142 7788 -4218 29 4919 7405 5027 -6208
-4310 -21783 -625 -8265 -8764 16961 -3990 3499 8712 -5366 -9121 5073 -974 -14896 -3193 -5889 -2101 5909 11011 503 2046 -1969 2018 1070 -315 -3663 3045 18054 9892 -3598 8757 -4442 -8766 -3183 -6289 -5334 7382 -7538 4221 -16404 5665 14470 9286 4092 -2295 3348 8978 3945 1052 4418
-1656 15297 -10936 -3712 -1982 -8324 5873 -3861 2583 4219 -3712 -9684 5556 23693 -6156 8405 -1824 4477 -10340 12359 -6035 -3364 1673 6638 16275 -1608 8976 4611 -1439 -6563 2627 418 4660 -585 4269 -11709 6131 5262 4148 19972 -12541 -5278 -8040 -11036 -8834 -3645 -11627 -5778 -115 9587
3040 -743 11154 -2332 -6456 12088 4746 -14489 6073 -5537 2232 -3101 6047 11408 182 -1432 -5923 9669 4262 733 -3198 -8899 9315 28183 -10189 -2260 -975 4644 5174 -3030 8366 5015 -8050 4328 -25445 -6502 -19 -1930 -5911 -12794 7704 17319 6229 4882 1451 1827 -5598 2918 -239 18895
18556 18365 7621 -3908 11583 -27 3769 1372 -9284 -22837 7587 1642 -11861 260 677 -1910 2752 13195 13722 -21687 5021 6995 8182 7919 -13310 -12150 -3314 -26258 15772 18249 -1067 2583 3838 -5126 -4404 2853 -15893 4043 -4944 -5606 10700 -6316 12091 7654 2877 -12619 -23178 15301 18564 -4330
-34785 -4836 -3148 4074 -24369 -1618 -7854 12409 15501 -7432 -12328 727 5256 2618 -5312 3799 5737 -968 984 6102 -14551 205 -14784 17683 587 18548 -6281 6005 29 969 3009 -13958 -5076 -106 3101 19718 -5786 -9037 4681 -512 -13117 7206 -5409 3053 -12519 -12323 -4743 -9502 10308 1142
-10186 15160 -13719 -11826 15427 -29268 -11475 -1802 -5266 4115 15906 -7640 15936 -7215 -5013 18129 10824 -11544 11549 6516 9365 -11559 -9569 -11404 -3829 -10955 -11412 -3543 10068 13633 -7300 -9130 8104 -10921 -6701 -20521 6438 -9636 9693 -7061 -257 -16366 -5849 3897 9255 8644 1550 -16132 920 2050
-6216 11158 19635 -8237 6973 -3894 -13269 -2598 6571 -10017 -2484 18315 -11686 1662 -19546 -585 -1753 8482 4634 9125 -1542 -5883 -1655 14397 -13527 -8628 -2567 -5120 3290 -5527 3997 6905 1654 -6930 2090 -10979 12298 8962 2952 -4701 -48 -8154 -18254 -3697 13216 8017 -6003 -10270 -3146 14029
-8727 -15601 40 -4393 7877 7802 1700 -3298 21426 -9148 7569 -2645 13792 6495 -683 554 -9321 -8217 6724 -981 11680 6688 10179 -403 13712 -1614 -17604 6682 -5089 3925 6514 7037 1033 -568 -3301 -11598 10446 -12765 -1983 -10940 15663 -2584 -6606 3494 -859 1995 12289 16448 -5953 2050
6580 1572 -14995 -7201 -7006 -17421 -7826 -7123 -6221 -299 1304 -13535 5797 -2228 -3523 16939 -8879 -16314 22015 6786 10165 -12722 -15186 -18284 -7594 -1188 9925 -2054 10772 10762 3975 -17439 -6263 -16321 7082 -6138 -1571 -5896 1525 10432 -3095 -7751 9026 -3261 19629 2217 -1952 -11937 8267 -13138
1205 6898 947 12936 -216 14309 -22575 7635 -15473 9126 13875 9960 10320 -4219 617 -13585 -3003 1769 -3794 3846 6440 -3849 -8864 619 8558 -14518 -4904 -3671 -6911 -7901 -10247 -68 -22071 -2042 715 -1112 -11908 15104 -3636 1480 9617 -804 11839 3755 -448 -4853 -9630 11908 -6506 10253