MEMA
2910.000000 -4.884885 1.263263 -3.643644 -14.372373 -0.542543 -14.461461 10.678679 0.017017 6.201201 2.449450 9.517517 -4.969970 -13.323323 16.167168 -9.756757 -2.726727 -14.695696 -3.664665 14.023023 -5.042042 -2.063063 -8.075075 4.753754 -12.429429 7.359359 -3.954955 11.123123 -8.981982 -11.647648 0.446446 -2.013013 11.576576 6.353354 -1.152152 -11.881882 -14.442443 -7.468469 9.788789 14.128128
-6.758759 3420.000000 9.354354 12.796797 -10.428429 -9.578579 8.485485 7.245245 16.164164 -9.932933 1.204204 -12.448448 5.927928 -9.533533 -14.319320 -0.732733 13.655656 -9.059059 14.059059 14.420421 16.673674 2.060060 13.773774 -3.931932 -12.294294 11.562563 -7.712713 -6.598598 7.257257 -4.302302 7.157157 -10.365365 2.451452 1.617618 -11.434435 -4.306306 -5.157157 14.830831 9.855856 13.554555
-15.064064 -1.839840 2980.000000 1.416416 -4.874875 13.016016 -4.727728 -10.614614 -10.816817 -10.583584 4.111111 -14.160160 -6.757758 6.775776 -1.975976 -12.855856 5.155155 -4.111111 1.547548 -6.684685 -15.602603 -13.457458 -12.515515 14.274274 1.420420 7.958959 15.654655 2.101101 -14.229229 12.121121 7.825826 -10.872873 4.722723 9.588589 0.371371 6.488489 -13.067067 0.633634 -5.845846 -2.653654
-13.157157 -10.275275 13.584584 3470.000000 2.766767 -5.822823 -13.642643 11.136136 -14.832833 7.003003 -9.784784 6.894895 -0.723724 -11.223224 -13.759760 -10.154154 -2.251251 12.550550 11.414414 15.431432 -12.493493 13.436437 15.568568 1.048048 13.678679 -11.513514 -12.553554 -8.435435 -9.638638 0.093093 14.206206 1.312312 14.746747 8.530531 0.685686 -8.812813 13.510510 2.072072 4.759760 -1.713714
14.011011 -8.899899 -3.295295 -7.302302 2650.000000 6.636637 -1.085085 3.676677 0.060060 -2.282282 4.266266 -8.572573 9.830831 -2.357357 6.282282 6.721722 16.583584 -5.687688 -1.390390 16.167168 -0.956957 5.893894 14.532533 0.969970 16.429430 -6.177177 -1.552553 2.196196 11.164165 15.988989 6.439439 -1.235235 14.978979 -10.299299 3.054054 12.811811 0.953954 -7.916917 13.824825 0.615616
-14.794795 8.314314 -0.946947 -10.644645 14.343344 3360.000000 11.588589 -14.921922 -13.556557 -14.950951 4.111111 13.742743 -8.762763 -6.942943 12.660661 -15.267267 2.054054 -11.084085 16.328329 1.090090 -1.158158 1.982983 3.034034 -14.135135 10.788789 8.450451 0.526527 3.243243 9.872873 8.801802 12.111111 12.638638 -3.343343 -12.286286 9.845846 8.005005 12.872873 -4.774775 -9.663664 2.176176
-4.310310 14.004004 16.227228 -11.536536 -4.572573 15.534534 2910.000000 -4.660661 15.608608 1.249249 7.407407 5.623624 -2.914915 5.034034 -0.996997 -12.794795 -7.615616 -15.681682 -10.388389 3.528528 2.362362 2.605606 0.540541 -5.156156 13.315315 7.421422 -5.660661 -14.308309 1.870871 0.161161 -7.402402 14.396397 -13.422422 0.211211 -9.142142 15.228229 -8.076077 9.398398 3.767768 -1.348348
3.701702 2.387387 -0.405405 5.874875 11.058058 -14.953954 -8.368368 3060.000000 -15.465466 15.203203 12.821822 -7.274274 16.647648 -1.771772 11.505506 -10.540541 15.105105 4.662663 -14.947948 -2.941942 -4.784785 3.908909 -4.328328 -0.355355 0.787788 -9.173173 -8.468469 10.057057 11.258258 -10.354354 -4.070070 14.857858 12.374374 -6.381382 -2.779780 -2.952953 -2.249249 13.650651 3.831832 -11.689690
13.032032 -0.877878 -9.305305 -12.178178 9.971972 0.932933 4.621622 -5.366366 3340.000000 11.987988 -9.069069 -9.331331 -8.589589 -13.641642 2.479480 -9.847848 15.426427 -2.863864 -7.403403 -7.503503 2.989990 -15.397397 -15.739739 -12.731731 -9.714715 5.957958 13.843843 12.269269 -2.820821 11.801802 -14.264264 -13.063063 6.294294 -4.977978 -15.803803 10.924925 -10.193193 -3.495496 -2.069069 -2.758759
-2.700701 -6.724725 -2.655656 -14.186186 6.382382 6.330330 8.770771 6.876877 8.623624 2710.000000 10.430430 -12.779779 -0.296296 3.117117 16.016016 11.924925 -14.476477 1.744745 6.645646 -8.607608 1.182182 12.179179 11.506507 -2.469470 -7.835836 -6.825826 -2.087087 -9.131131 13.850851 -15.945946 2.300300 5.684685 8.279280 7.726727 -1.114114 6.911912 7.882883 4.764765 3.117117 -6.100100
-7.665666 -11.811811 5.034034 -8.774775 -14.193193 1.762763 0.073073 9.586587 14.400400 5.842843 3330.000000 10.597597 -13.774775 -4.811812 -15.872873 -8.666667 -0.488488 13.573573 12.859859 -7.185185 -6.776777 8.819819 -11.378378 -15.712712 -0.063063 13.069069 -0.622623 -14.899899 13.890891 1.530531 -0.283283 15.226226 12.340341 12.923923 11.232232 6.633634 -4.065065 16.038038 2.137137 -11.857858
-4.148148 7.241241 -7.561562 -12.813814 11.798799 -12.642643 -3.788789 -6.083083 -7.372372 7.539539 -13.527528 3350.000000 -12.329329 -1.839840 -13.789790 -15.500501 -9.877878 -3.247247 11.862863 -12.153153 -5.791792 -2.980981 5.592593 -7.611612 -15.753754 2.133133 7.477478 7.891892 16.546547 -3.634635 15.137137 9.804805 13.840841 -8.145145 11.520520 7.588589 -9.183183 -4.256256 1.990991 -13.227227
2.432432 -11.081081 16.618618 -11.825826 8.765766 -8.836837 -15.590590 13.697698 -2.289289 8.755755 -6.988989 -10.658659 3150.000000 4.947948 -12.208208 -0.356356 -11.315315 -15.475475 14.245245 7.372372 -14.077077 4.895896 -7.973974 -5.687688 -10.646646 8.122122 -6.640641 -0.643644 -15.180181 7.926927 14.129129 5.721722 -4.731732 1.282282 13.582582 6.331331 -12.897898 7.438438 -1.815816 2.380380
9.801802 -2.420420 7.118118 1.701702 8.106106 -13.241241 4.588589 1.571572 8.909910 -14.268269 -4.365366 -10.229229 -9.025025 2910.000000 9.784784 14.127127 8.402403 3.009009 6.863864 -6.431431 7.174174 -7.990991 5.308308 9.705706 4.103103 -13.276277 -4.719720 -2.422422 1.903904 14.323323 2.527528 0.973974 14.518518 7.050050 -3.497498 9.366366 2.817818 15.621622 8.679680 -15.720720
-3.597598 -4.486486 -9.425426 10.511512 4.836837 -4.620621 7.016016 -0.762763 -5.975976 -13.997998 -1.035035 -6.372372 -9.731731 -4.976977 2890.000000 11.995996 -2.669670 15.466467 -11.150150 -12.901902 -14.185185 -7.522522 -1.945946 15.827827 1.011011 12.321321 11.110110 1.902903 -7.502502 14.026026 11.188189 -11.800801 2.069069 0.552553 14.415416 -1.060060 -14.733734 4.257257 13.549549 -0.446446
1.481481 -3.681682 -8.579579 8.063063 15.118118 11.722723 9.263264 14.585586 9.967968 -9.347347 -2.145145 5.203203 -12.691691 1.489489 11.008008 3700.000000 -7.746747 -14.533533 11.709710 6.800801 1.276276 16.191191 16.062061 9.687688 12.239240 -15.545546 -6.668669 -12.071071 5.847848 -3.219219 -13.561562 -11.883883 -11.340341 4.495495 15.213213 -15.073073 16.162163 -15.412413 -2.867868 8.192192
12.459459 9.155155 2.283283 -11.074074 6.680681 15.868869 -5.146146 -2.256256 12.246246 -6.109109 1.096096 -8.923923 5.104104 4.057057 -12.726727 1.025025 3010.000000 -6.644645 -6.075075 15.475475 -6.410410 3.324324 6.764765 -7.712713 12.872873 10.797798 12.150150 8.599600 10.867867 0.623624 12.636637 5.061061 9.072072 0.767768 -8.651651 11.626627 -3.948949 -9.349349 -5.715716 -13.269269
-12.387387 3.519520 -8.710711 -7.530530 -2.641642 5.694695 12.822823 1.617618 -3.462462 4.711712 -6.378378 -6.498498 -8.674675 1.985986 -15.571571 -4.646646 1.255255 2570.000000 -1.138138 4.581582 1.322322 -3.840841 -7.415415 6.161161 5.100100 -9.387387 -3.710711 -12.210210 -9.433434 -7.401402 14.016016 3.030030 10.003003 10.004004 3.535536 -11.751752 -11.157157 -3.107107 9.529530 6.798799
14.054054 -7.093093 11.872873 3.054054 -6.285285 -15.809810 -13.838839 2.129129 13.171171 3.461462 1.207207 1.903904 7.044044 -13.549549 -2.187187 1.185185 6.860861 0.734735 2580.000000 1.025025 10.001001 3.397397 -14.012012 -3.385385 8.090090 5.921922 2.701702 -6.398398 7.785786 -0.428428 -14.556557 0.622623 -8.354354 -5.152152 11.753754 -0.894895 12.841842 -12.514515 5.917918 6.150150
10.605606 7.776777 -11.331331 1.917918 -0.629630 0.077077 16.381382 1.354354 -11.102102 -15.495496 -4.723724 8.866867 -6.853854 -14.742743 -1.028028 4.587587 9.974975 13.574574 -4.315315 2920.000000 1.437437 16.172173 7.037037 -11.328328 -13.629630 11.569570 -1.634635 7.352352 12.613614 -2.854855 -2.325325 -10.321321 -10.628629 13.323323 5.552553 11.103103 -0.133133 13.343344 -3.625626 6.610610
-7.619620 -9.383384 -0.474474 6.773774 -5.372372 12.116117 3.355355 -12.828829 11.981982 -13.412413 -1.397397 -11.777778 0.077077 -3.139139 2.408408 -1.947948 -9.292293 8.229229 -13.964965 -6.983984 2880.000000 11.768768 6.638638 -10.694695 11.906907 4.991992 6.991992 8.262262 14.724725 15.878879 9.903904 5.623624 -6.100100 -0.905906 7.253253 -4.667668 -11.910911 7.234234 7.955956 -8.282282
11.459459 6.715716 4.002002 0.696697 -14.194194 3.531532 -9.121121 11.796797 -1.835836 12.509509 -1.687688 -7.953954 -4.745746 10.478478 5.237237 -2.458458 10.471472 -2.602603 -9.857858 10.123123 1.957958 2930.000000 -9.296296 8.587587 3.875876 -13.121121 -2.576576 13.051051 -2.597598 5.597598 14.415416 -11.298298 6.782783 -11.367368 13.650651 3.558558 -9.047047 13.002002 -15.401402 1.659660
3.270270 16.218218 2.373373 12.712712 -6.933934 -14.277277 -8.476477 -4.376376 16.752752 2.077077 -5.811812 5.740741 2.606607 13.904905 -3.463464 14.421421 0.949950 -6.555555 -8.973974 5.164164 -1.735736 -10.083083 2720.000000 2.923924 -2.648649 7.941942 5.744745 4.825826 -0.330330 15.414414 -11.460461 -6.276276 1.580581 8.088088 7.420421 2.812813 1.408408 8.877878 -10.820821 -13.684685
-2.137137 -5.303303 1.935936 -10.708709 9.535536 -10.321321 12.385386 10.768768 -2.408408 -10.415416 -14.527528 -12.368368 16.596596 -10.969970 3.602603 15.108109 16.389389 5.969970 0.503504 -15.163163 13.534534 14.234234 0.499499 3320.000000 -10.323323 6.578578 -0.921922 13.669670 5.715716 0.638639 14.707707 -6.095095 -12.460461 13.445445 5.417418 -7.120120 0.236236 13.693694 16.061062 6.797798
7.293293 8.620621 -12.596597 14.339339 -2.656657 12.297297 -13.462462 -5.294294 -0.255255 -13.432432 -5.428429 -5.340340 -14.051051 -6.544545 11.101101 -0.393393 -2.036036 -5.728729 4.996997 3.329329 8.845846 -6.567567 11.836837 -1.395395 2950.000000 -4.962963 5.888889 -11.865866 2.422422 11.002002 11.000000 0.403403 11.773774 15.198198 12.680680 13.095095 1.278278 -15.995996 4.548549 -1.708709
15.494494 16.113113 -6.181181 -7.915916 -13.858859 15.995996 3.791792 9.213213 -7.727728 16.275276 -3.545546 0.563564 -1.716717 0.205205 15.521522 2.151151 1.463463 4.311311 13.834835 -15.392392 -4.366366 -14.416416 -6.539539 11.005005 -6.224224 3150.000000 -12.007007 15.233233 8.196197 5.761762 -9.398398 5.565566 1.536537 -6.094094 13.340341 5.625626 2.364364 -5.902903 -12.355355 12.595595
5.060060 16.222221 -13.249249 6.470470 11.737738 14.432432 -12.060061 -4.991992 -0.090090 4.631632 16.161161 -3.022022 9.636637 -12.454454 -14.669670 13.945946 2.667668 -1.817818 13.255256 -8.386386 15.319320 -4.293293 1.687688 -15.048048 -4.804805 12.975976 3270.000000 3.326326 7.494494 -15.473474 -2.641642 12.261261 4.205205 0.271271 -1.588589 -5.528529 5.940941 10.111111 15.298298 -10.835835
-11.880881 -10.912913 9.000000 12.250250 -6.780781 14.716717 1.318318 6.094094 -9.558558 -13.095095 0.803804 16.622623 4.492493 16.500500 -10.775776 -7.995996 2.021021 -0.727728 -9.892893 -8.849850 -8.165165 -8.223224 -5.145145 -0.558559 -8.586587 4.306306 -2.411412 3230.000000 -12.147147 7.366366 12.623624 -14.669670 4.953954 13.294294 -2.290290 -10.250250 10.998999 12.650651 16.161161 5.845846
8.518518 -12.198198 3.403404 5.767768 7.788789 12.928929 -4.147147 5.394394 -4.213213 6.873874 -9.132133 12.989990 -4.087087 0.864865 0.482482 -13.107107 2.217217 -4.467467 -7.542542 0.071071 14.657658 6.844845 -13.828829 5.744745 -8.098098 -1.410410 -3.129129 -7.667668 2880.000000 5.828829 -2.582582 -12.482483 10.937938 15.742743 -15.358358 10.884885 9.104104 8.702703 -8.560560 -7.475475
-15.906907 -11.619619 0.531532 -13.340341 12.082082 10.134134 -5.386386 8.897898 7.571571 3.685686 0.419419 -9.861862 -3.037037 -10.278278 0.619620 -4.229229 -10.127127 -5.560561 -2.508508 -10.424424 2.730731 -0.744745 3.873874 12.555555 -14.429429 -15.877878 15.733734 -9.468469 9.758759 3060.000000 4.275275 7.918919 8.365365 -8.280280 14.717718 -0.897898 -15.482483 -1.549550 16.048048 -9.939939
12.256256 -10.178178 15.300301 5.637638 -5.996997 16.097097 15.073073 -12.105105 8.007007 14.431432 -0.196196 -11.018018 -3.761762 11.260261 -11.260261 -0.073073 -13.091091 0.062062 13.116117 6.795796 -4.301301 -4.243243 -10.122122 -3.573574 12.650651 -3.856857 5.471471 11.181181 6.025025 -9.193193 3300.000000 7.714715 -10.723723 10.326326 7.350350 12.816817 -15.962963 -4.609610 14.261261 3.332332
-9.138138 3.480480 13.266266 3.181181 -2.548548 7.897898 -3.548548 -11.473474 4.870871 3.606607 0.852853 -4.316316 3.098098 2.684685 -5.011011 -9.974975 7.623624 10.628629 -13.139139 -11.112112 -9.969970 -7.278278 -2.264264 -3.285285 11.066066 -12.696696 -11.154154 15.847848 -4.451451 14.354354 8.536536 2830.000000 15.229229 1.826827 -9.042042 -15.673674 -5.888889 1.349349 -1.331331 5.972973
-2.400400 -2.673674 12.233233 -3.268268 -12.850851 7.452453 -6.425426 9.414414 4.985986 8.276277 14.983984 1.739740 -1.414414 -9.763763 -0.289289 11.843843 -12.923923 3.789790 14.090090 -8.772773 8.846847 9.061061 1.080080 1.415415 -5.083083 13.832833 -6.410410 -11.904905 -8.617618 -15.681682 -7.323323 3.011011 2960.000000 13.518518 -8.630630 -11.002002 -13.922923 1.995996 -14.773774 -1.582583
-15.341341 -8.087087 -8.843843 -6.823824 12.769770 15.518518 14.030030 -1.793794 -8.208208 8.542542 15.405405 -13.821822 -11.135135 -5.492493 -12.106106 2.911912 8.763763 7.988989 -7.309309 9.691691 11.854855 -4.363363 1.386386 -15.292293 7.456457 15.801802 -9.997998 -10.530531 -10.074074 -8.422422 -4.837838 -12.014014 -6.804805 3580.000000 -10.074074 10.164165 -1.716717 15.660661 10.813814 -11.963964
2.316316 12.843843 -0.056056 -12.553554 16.362362 -0.979980 -9.390390 -0.178178 5.431431 15.310310 1.820821 16.642643 -2.857858 -10.942943 7.732733 10.459459 11.595595 -2.478478 3.492492 -12.546547 6.167167 -5.217217 8.621622 -2.204204 12.566566 11.489490 -3.339339 6.393394 3.855856 16.679680 -14.188189 2.288288 -3.220220 -7.898899 2980.000000 -13.095095 -7.278278 -1.353353 -9.120120 -10.219219
0.207207 -1.866867 10.959960 14.403403 4.686687 -2.739740 -12.524525 -2.817818 -2.676677 14.550550 3.629630 10.186186 -5.902903 10.723723 3.671672 3.445446 -7.026026 4.905906 5.956957 6.279279 -2.760761 -7.682683 -6.802803 -14.955956 -12.860861 -15.751752 -6.577578 14.351352 0.752753 15.559560 -4.016016 -8.047047 9.402403 14.125125 -13.483483 3000.000000 10.952953 0.650651 7.601602 14.523523
-6.490490 -11.518518 4.228228 -8.374374 -3.961962 -13.766767 -15.995996 2.062062 -15.958959 -2.331331 -11.167167 6.563563 -3.589590 -4.757758 14.367368 0.311311 -13.624624 -8.655656 -2.810811 6.306306 9.489490 -13.142142 6.025025 14.226226 -15.246246 -13.327328 2.523524 -3.012012 9.829830 -7.041041 -3.279279 -10.351352 -2.753754 1.836837 -4.475475 2.058058 3000.000000 12.676677 11.737738 12.294294
3.617618 10.031031 -8.865866 9.112112 3.971972 -6.952953 -9.256256 2.420420 8.493493 12.371371 6.632633 2.817818 5.390390 -5.833834 13.933934 -12.388389 10.224224 0.093093 11.037037 -14.455456 12.633634 14.040040 7.467467 2.454454 6.652653 2.861862 9.784784 -14.308309 3.160160 -2.062062 10.610611 8.717718 4.977978 -6.431431 2.330330 -11.884885 7.152152 2790.000000 -12.224224 0.028028
2.923924 10.436437 9.430430 16.258259 -7.661662 1.233233 5.463463 -4.152152 6.799800 4.423423 6.139139 5.174174 15.304304 -14.128128 -13.097097 -9.641642 -11.928929 2.326326 -9.904905 -9.738739 16.109110 -5.572573 -4.408409 -12.567568 8.022022 -4.817818 -11.684685 -11.510510 10.603603 8.689690 -1.863864 -9.485485 -14.278278 11.173173 2.482482 -1.477477 -8.357357 -14.868869 3260.000000 12.998999
-5.108108 12.228229 -8.862863 -11.447448 -1.594595 7.762763 6.112112 10.705706 7.270270 7.925926 -12.829830 3.027027 -6.996997 2.283283 7.271271 -1.135135 0.872873 -6.899900 -10.190190 -5.325325 3.602603 -4.463463 7.322322 -7.212212 6.769770 4.340340 -8.086086 5.035035 9.238238 1.859860 10.527528 1.849850 -4.061061 0.197197 11.364365 4.685686 -7.272272 -4.460461 -2.194194 2340.000000
MEMB
-0.158158
-8.518518
-4.652653
16.373373
-2.311311
2.166166
13.467467
16.564564
5.481482
-4.726727
-8.841842
-3.762763
-7.147147
13.682683
-6.343343
14.479480
-14.229229
9.420421
-6.921922
-2.058058
2.882883
-10.458459
-7.504505
12.315315
-0.397397
7.543543
-9.823824
-3.498498
13.687688
9.558558
-14.081081
-6.273273
0.805806
-12.661662
-14.608608
-4.990991
13.038038
-11.939939
7.620621
2.804805
MEMX
12.021021
6.578578
-14.070070
-12.132133
2.481482
-1.056056
-6.112112
-13.655656
7.458458
10.022022
-2.250250
10.116117
13.360360
-1.972973
-6.649650
-15.368368
-3.431432
4.807808
-8.643643
10.451451
-4.276276
-7.700701
-12.788789
14.715715
13.405405
-6.033033
2.890891
7.170170
6.546546
0.079079
8.796797
6.987988
11.691691
-3.981982
9.720720
2.183183
8.441442
-1.135135
4.788789
-8.134134
MEMC
35044.785156
21190.281250
-41954.195313
-41861.347656
7269.382324
-3330.086182
-17711.113281
-40871.769531
25162.970703
26604.072266
-7425.303223
34701.332031
41695.082031
-5933.379395
-19378.802734
-57525.367188
-9379.688477
12713.547852
-21910.054688
29728.558594
-12347.260742
-21921.644531
-34519.097656
48005.800781
39591.378906
-18608.369141
9616.291016
22720.576172
18982.787109
480.134308
29321.167969
20274.660156
33276.281250
-15002.560547
29120.015625
6237.136230
25073.080078
-2868.581787
15528.704102
-18818.203125