MEMA
4910.000000 -11.918919 6.269269 -15.502502 -0.533534 10.705706 11.235235 4.075075 -3.228228 -4.468469 -12.800801 14.059059 14.361362 -12.986987 8.191191 6.611612 7.024024 15.356357 -11.716717 12.230230 -8.896897 -13.170170 -1.636637 6.363363 -15.654655 -0.473473 -4.631632 4.175175 4.499499 -9.135135 14.645646 12.398398 4.673674 1.208208 -9.970971 15.571571 0.706707 -7.327327 -10.112112 -6.380380 6.137137 15.494494 0.946947 -15.922923 -2.762763 -10.953954 15.322322 -10.913914 15.705706 -11.747747 11.786787 2.902903 8.258258 7.312312 -3.708709 -7.178178 2.744745 -6.936937 -12.024024 10.866867
-9.601602 4590.000000 -15.522523 6.735736 15.470470 -14.143143 -10.417418 11.369370 5.847848 6.306306 5.828829 -0.766767 9.899899 -9.938939 9.493493 0.256256 12.363363 5.348348 7.388388 -0.859860 -5.495495 -9.362362 -3.909910 -3.818819 1.771772 14.988989 -11.377378 -3.092092 -1.432432 -3.778779 -5.170170 9.475475 -5.029029 13.660661 -10.750751 13.935936 -4.571571 6.964965 15.125125 15.111111 -8.165165 -2.230230 -0.832833 11.986987 10.245245 -13.525525 16.115114 -4.633634 7.217217 4.886887 -12.720720 3.498498 -14.159159 1.858859 11.350350 -13.404405 -3.748749 9.836837 16.428429 2.002002
-2.936937 7.057057 4280.000000 -1.112112 -3.044044 -11.110110 -14.784784 9.439440 -6.371371 -8.908909 -0.026026 5.438438 -1.859860 -11.946947 13.539539 7.575575 -10.116117 -0.797798 12.810811 1.610611 -8.199199 -1.341341 -4.186186 -13.686687 12.656656 -5.912913 -14.751752 2.503504 13.230230 1.058058 -5.295295 8.915915 4.005005 16.448448 -2.245245 11.818819 4.818819 12.409410 -0.647648 -13.888889 6.875876 -11.178178 -2.626627 -5.179179 -4.442442 7.368368 -0.697698 11.920921 10.454454 15.533533 13.108109 -13.389389 5.839840 6.882883 13.330330 14.764765 12.818819 -2.077077 -1.807808 7.684685
5.566566 7.077077 7.575575 4860.000000 5.692693 8.099099 -11.925926 16.401402 -8.851851 10.649650 -1.835836 -12.958959 12.500501 10.768768 16.493494 -3.249249 -15.392392 -3.245245 10.341341 2.770771 15.715715 15.585586 -13.545546 -15.383384 -12.413413 -6.596597 -7.505506 9.453453 3.119119 3.987988 -11.887888 -0.256256 -11.357357 -10.054054 13.087087 -12.643643 1.748749 -8.662663 13.942943 14.600600 -8.942943 -15.133133 -13.920921 7.145145 1.156156 -5.236236 -10.372373 -7.053053 -4.462462 4.874875 7.267267 8.094094 -4.446446 5.101101 -10.572573 -1.894895 3.418418 -3.109109 -10.501501 6.806807
13.675675 -4.270270 12.864865 10.113113 4250.000000 -13.459459 7.210210 14.827827 5.123123 1.120120 11.496496 9.401402 3.786787 11.147147 5.451451 -6.837838 9.623624 2.670671 1.794795 -1.047047 -10.084085 -8.781782 -11.387387 7.689690 -14.019019 15.445445 1.726727 -2.228228 -14.563563 -0.360360 0.057057 -4.922923 -10.469469 15.022022 -12.168168 5.646646 5.973974 10.161161 -8.956957 -7.998999 9.288288 -0.374374 3.996997 4.815816 -7.300300 10.794795 5.357358 7.657658 -10.392392 -9.228229 -4.462462 -1.464464 -8.161161 -9.901902 -9.160160 -1.224224 3.533534 5.211211 -8.223224 -11.856857
-6.132132 -6.830831 -7.787788 12.744744 -12.549549 4450.000000 13.919920 -12.973974 -9.980981 -15.066066 3.609610 6.813814 -11.757758 7.456457 3.433434 5.881882 16.487488 12.742743 5.602602 -0.579580 4.538538 6.580581 0.527528 9.289289 -10.472472 12.253253 -10.069069 -3.997998 12.471472 -8.585586 15.129129 7.569570 -12.536536 11.025025 4.728729 -15.492493 11.929930 5.471471 16.759760 -11.243243 -4.413414 8.211211 -9.347347 0.620621 -5.090090 5.242242 10.518518 -14.139139 -0.439439 -10.451451 -1.686687 0.267267 -0.030030 -7.969970 2.357357 -15.769770 0.925926 12.046046 -0.204204 -1.362362
-9.618619 16.696697 -15.144144 -2.975976 -12.499499 -2.424424 4800.000000 16.498499 15.185185 -8.299299 9.108109 13.570571 -10.116117 -10.233233 1.448448 -2.191191 -2.859860 -0.762763 14.689690 -15.360360 -5.537538 -11.406406 13.544544 -6.162162 0.383383 13.081081 8.145145 8.604605 8.107107 -14.135135 6.670671 -9.421421 -6.225225 -14.675675 -0.439439 -3.095095 12.182182 4.816817 9.135135 2.665666 -4.442442 2.820821 -7.554554 -0.378378 2.645646 12.603603 -8.008008 7.384384 8.905906 -11.479480 -5.890891 10.330330 -14.945946 0.885886 -11.926927 13.996997 10.782783 -2.680681 13.735736 4.677678
-9.936937 4.924925 1.913914 5.947948 -5.912913 -8.809810 15.367368 4910.000000 11.033033 -4.432433 5.781782 -14.412413 -2.484484 12.030030 -10.219219 -15.509509 -5.072072 4.945946 -10.994995 -9.816817 -8.094094 -2.202202 14.065065 6.470470 -15.073073 -6.143143 -4.996997 13.634635 16.697699 -3.644645 3.697698 -5.855856 -11.682683 -14.337337 14.809810 -2.109109 8.880881 -10.190190 9.925926 -2.125125 -3.894895 7.474474 -0.497497 -7.531531 13.251251 -14.648648 12.843843 6.784785 -9.684685 2.645646 -8.464464 -9.936937 -13.237237 11.795795 -2.630631 16.021021 4.594594 9.765766 14.164165 -4.135135
-15.817818 -10.975976 -15.875875 -0.278278 8.514515 -15.057057 14.168168 2.578578 5360.000000 -4.874875 15.212213 -13.513514 9.177177 -10.995996 -10.910911 2.335335 15.482483 12.832833 -3.509510 7.732733 9.315315 -14.821822 3.755756 2.707708 14.627627 8.070070 -13.239240 -15.432432 -14.105105 1.691692 -2.293293 14.030030 -8.980981 12.586587 15.437437 12.354354 -12.375376 3.254254 6.723724 8.008008 -10.822823 13.902903 -13.675675 -6.626626 -9.451451 -3.745746 11.259259 11.639640 -9.749750 13.347347 -4.496497 -4.808809 3.759760 6.846847 2.162162 8.426427 11.572573 -10.202202 13.702703 -10.075075
-1.205205 -2.455456 1.311311 7.692693 -2.888889 -1.273273 15.577578 -8.790791 -9.257257 3910.000000 4.336336 -13.201201 -9.172173 12.933934 -1.709710 -1.540541 8.647648 -3.857858 9.449450 1.459459 2.523524 -3.009009 -12.211211 10.840841 -11.992993 -0.026026 1.177177 4.952953 -7.405406 -14.214214 -0.019019 12.528528 11.781782 1.654655 -12.619619 -0.555556 8.489490 3.156156 -10.385386 -5.120120 14.291291 13.847848 -8.810811 -5.400401 13.654655 -15.365365 16.459459 15.496496 -2.374374 -2.385385 -2.171171 3.097097 -0.605606 -0.510511 5.577578 -1.013013 6.142142 4.512513 -12.453453 7.445446
-13.979980 -15.139139 -12.691691 1.040040 -9.730731 -5.219219 -10.957958 -3.499500 11.707707 8.809810 4600.000000 -15.415416 -13.985986 -12.369370 -10.606606 6.081081 10.641642 12.648648 -5.094094 -6.344344 -13.041041 -13.960961 -4.312312 -0.319319 6.879880 16.589590 4.227227 3.360360 0.770771 4.039039 -14.056056 15.688688 0.696697 1.479479 6.125125 3.547548 -5.001001 -0.296296 11.751752 -9.300301 6.645646 -8.551552 -12.716717 -11.833834 -5.418418 9.049049 -6.615616 13.338338 13.700701 9.440440 7.631632 14.338338 3.050050 -11.187187 -5.359359 -8.238238 -1.278278 4.062062 -6.582582 3.118118
9.826827 -8.647648 -6.632633 14.090090 -6.801802 10.119119 9.990991 3.561562 -14.766767 15.632632 0.484484 4500.000000 6.508509 -14.743744 -2.522522 1.693694 -5.609610 -6.484485 2.719720 -6.907908 2.468468 11.503504 -13.839840 -4.032032 3.625626 9.754755 -8.570571 -2.680681 -5.212212 8.907907 4.356356 11.238238 2.568568 1.281281 11.935936 4.484485 -0.976977 10.883883 6.794795 -14.380381 15.562563 -14.602603 3.745746 -7.784785 5.027027 -15.555555 -12.506507 -10.541541 2.361361 -3.132132 -10.716717 5.092092 2.705706 15.352352 14.742743 -10.804805 8.936937 -3.691692 -12.080080 -13.844845
-4.528529 5.348348 -8.625626 8.927928 10.778779 12.274274 16.099098 6.130130 1.394394 -3.297297 -6.851852 0.883884 4460.000000 -7.742743 9.563563 4.736737 9.255256 8.849850 4.427427 15.181181 -0.462462 -14.229229 -4.312312 -4.694695 -12.102102 10.330330 2.353353 12.893894 3.360360 3.544544 -8.896897 11.097097 14.489490 -6.768769 -4.072072 11.218218 -2.435436 12.009009 -14.572573 -9.888889 -3.138138 -13.869870 -12.808809 3.141141 5.884885 -2.506506 11.091091 -7.988989 6.772773 5.529530 -14.303304 12.403403 -3.308308 1.712713 4.065065 -7.268268 10.458459 11.402403 10.693694 -11.438438
0.997998 -2.642643 13.095095 11.197197 13.284285 -1.969970 15.400400 1.363363 -11.439440 -2.614615 3.019019 10.537538 -4.702703 4170.000000 -4.215215 12.803803 -5.917918 4.413414 6.605606 0.205205 -1.514515 12.771771 -11.353354 14.093093 1.519520 -2.993994 1.676677 10.989990 4.920921 -6.438438 -8.212213 2.725726 12.877878 -14.333333 5.534534 8.532533 -0.577578 5.242242 3.095095 -3.554554 6.324324 7.329329 -6.904905 7.740741 -12.898899 14.153153 14.517517 -14.293293 13.182182 -7.251251 -0.488488 -5.491491 -1.377377 -3.915916 -6.255255 -11.356357 -14.161161 -1.211211 13.705706 15.528528
-15.253253 -9.776776 -15.214214 11.734735 14.150150 -14.382382 -9.211211 9.806807 -6.203203 -6.809810 -0.554555 14.570571 4.737738 -8.407408 4760.000000 5.081081 8.797798 -11.619619 -5.099099 9.913914 3.996997 -15.742743 -1.661662 -9.664664 1.938939 12.205205 2.986987 3.873874 16.798800 10.626627 4.860861 -10.783784 9.524525 -5.169169 -15.235235 5.762763 9.692693 -9.220221 -3.650651 6.346346 -2.175175 -1.376376 0.807808 9.267267 0.209209 7.551551 6.816817 10.541541 11.833834 1.483483 8.374374 10.511512 2.666667 9.921922 16.737738 -12.273273 16.515516 12.293293 7.090090 -2.574574
-5.533534 12.506507 10.579579 -2.049049 -11.837838 -6.350350 8.323323 8.808809 1.306306 3.947948 -10.768768 6.904905 -6.550550 -14.487488 -7.737738 4270.000000 6.073073 -9.394394 2.929930 16.731731 -6.217217 3.341341 16.699699 12.012012 9.455456 11.548549 7.886887 4.147147 -1.845846 5.933934 -14.501501 6.369370 12.640640 -6.358358 5.819820 -6.146146 6.897898 -1.428428 -4.813814 13.097097 -12.282282 4.341341 7.176176 4.858859 8.737738 9.057057 13.218218 10.026026 -0.214214 16.582582 14.867867 0.883884 -1.655656 2.256256 3.163163 7.151151 -11.247248 5.770771 -4.308308 8.886887
14.389389 -4.462462 4.782783 3.196196 -1.961962 -14.728728 3.465466 12.072072 1.292292 14.313313 5.005005 11.877878 -2.620621 13.206206 -5.352352 11.012012 4980.000000 -13.920921 -6.596597 -6.125125 -11.468469 6.531531 -7.525526 -9.541541 -15.857858 -0.641642 5.379379 -10.308309 0.273273 -14.356357 9.179179 -11.340341 14.871872 9.140141 -10.964965 -5.775776 5.508509 -4.940941 -11.273273 6.774775 -14.169169 5.615616 -12.247248 -0.574575 -9.931931 -4.590590 -0.360360 -12.009009 14.798799 -9.773774 15.277277 8.269269 9.218218 -10.870871 -10.875875 -2.460460 -11.275275 -11.397397 -15.914915 -12.778779
2.255255 -13.748749 -15.896897 13.208208 -4.616617 2.001001 15.075075 -13.202202 -11.581581 7.094094 -15.261261 15.160160 -11.674675 -4.354354 13.333333 3.838839 -11.914915 5510.000000 9.665666 14.249249 -2.868869 -10.427427 -13.980981 11.864865 -2.722723 2.278278 -2.286286 -13.965966 -2.634635 -10.433434 -12.855856 -4.450450 15.464464 -13.698699 -7.458458 5.694695 -2.171171 -12.194194 -15.553554 -10.714715 -4.533534 14.687688 -13.039039 -6.552553 -15.688688 0.395395 9.168168 -11.357357 10.657658 15.042042 -15.433434 -11.137137 15.047047 10.614614 -1.662663 -2.858859 16.268269 -5.298298 16.264265 2.876877
8.663664 14.656656 -14.456456 11.516517 -8.012012 6.525526 13.297297 5.111111 11.838839 5.865866 -15.781782 11.079079 6.671672 -12.421421 -4.023023 13.685686 -4.548549 -4.119119 4610.000000 16.786787 8.337337 -4.465466 -12.291291 -7.664665 -0.761762 7.076076 2.461462 -9.594595 -4.526526 -10.048048 15.124125 14.027027 1.741742 3.499500 4.595595 0.181181 12.042042 11.279280 -2.500500 2.272272 7.565566 -10.085085 -8.215216 -3.003003 -1.021021 3.133133 -15.303304 1.344344 -8.869870 16.544544 -8.668669 -11.755755 -5.799800 -0.504505 -10.815816 -8.605606 -7.877878 -8.895896 2.949950 -13.811811
-7.698699 -11.993994 2.563564 2.867868 1.848849 -13.051051 -7.261261 -6.767768 -11.235235 6.946947 -0.199199 5.417418 1.291291 -2.285285 6.064064 -8.717718 11.860861 16.736736 -3.243243 4330.000000 -13.141141 -8.748749 5.735736 0.815816 11.049049 5.121121 -2.992993 2.991992 16.641642 0.471471 -6.917918 12.844845 -4.515515 -1.936937 -8.019019 3.009009 14.759760 -11.313313 -14.465466 -9.419419 -3.778779 9.135135 14.381381 7.412413 -10.179179 14.250250 14.701702 6.404405 16.111111 -6.995996 15.314314 -4.067067 11.475475 5.695696 13.745746 -10.674675 0.209209 -0.170170 -8.480480 -4.094094
10.663664 0.177177 -12.334334 1.354354 -9.318318 5.750751 1.898899 -0.118118 -6.030030 -7.584585 7.272272 -6.835836 7.000000 9.874875 7.741742 -14.254254 16.084084 -15.468469 -5.935936 -9.745746 4190.000000 4.173173 -4.147147 6.532533 8.738739 7.191191 -15.188189 -11.976977 -1.665666 13.067067 -9.014014 -10.860861 -9.020020 13.643643 -9.768768 14.925926 -6.724725 5.917918 -9.636637 -3.651652 4.707708 7.464465 5.362362 2.943944 -9.384384 10.425426 -15.688688 0.934935 5.134134 10.394394 7.647648 -9.847848 -2.275275 0.508509 -2.614615 -8.114114 1.336336 1.480480 8.312312 -0.617618
6.201201 -14.899899 -14.003003 -13.681682 -12.291291 -8.482483 -6.962963 -13.414414 15.573573 2.642643 -13.853854 12.690691 -5.682683 3.187187 14.345345 -9.892893 11.906907 -11.532533 -13.556557 -0.282282 -6.248248 4760.000000 9.270270 -11.159159 -0.295295 7.097097 -14.356357 -2.606607 -7.522522 -12.868869 -1.656657 -5.897898 -11.291291 -3.372372 5.071071 8.497498 11.492493 8.473474 9.862863 14.394394 1.209209 9.225225 -9.654655 -11.783784 -10.924925 7.363363 -8.119119 -8.534534 1.439439 -3.490490 -3.981982 11.860861 -0.756757 9.929930 7.076076 2.887888 9.485485 -7.346346 -2.909910 -12.527528
-1.299299 -11.665666 -11.069069 9.509509 6.087087 6.367367 16.246246 -4.248248 -12.102102 0.807808 10.416416 0.628629 -10.859859 15.391392 9.184184 10.862863 -4.221221 7.796797 15.559560 12.057057 -14.899899 -2.117117 5300.000000 -13.846847 -13.363363 -12.601602 -2.066066 -15.714715 15.288288 0.716717 7.706707 9.573573 -15.734735 -10.694695 2.827828 -14.450451 -15.714715 15.065065 -7.310310 3.985986 -12.981982 -3.955956 -14.073073 12.595595 15.250250 -12.709710 -11.594595 -10.815816 1.751752 -14.883883 -12.308309 -7.657658 -14.294294 -2.055055 -9.373373 -12.789790 -0.112112 -4.759760 0.237237 -15.545546
2.256256 -14.351352 -1.397397 -2.635636 -7.640641 -0.112112 -14.094094 -5.598598 10.182182 -0.112112 11.092093 8.126126 -6.129129 14.531531 14.753754 -12.574574 13.945946 -1.298298 10.086086 13.168168 7.643644 11.178178 -3.882883 4360.000000 -9.805806 11.279280 -2.156156 -1.328328 -2.124124 1.014014 -11.693694 -9.764765 -14.736736 9.439440 -11.185185 0.342342 13.892893 -10.053053 3.967968 10.861862 3.578578 12.832833 -10.731731 0.525526 6.796797 3.839840 -0.025025 -5.524525 14.961962 1.424424 -2.579580 -6.578578 -5.373374 -13.342342 -13.802803 -7.431431 15.230230 -3.909910 -8.734735 -11.196197
-14.393394 -2.093093 -9.216216 -10.501501 8.902903 12.101101 2.502502 -12.970971 -12.499499 -12.226226 13.138138 10.754755 12.401402 16.718719 14.160160 -9.038038 4.664665 2.768769 -2.599600 5.724725 12.155155 -10.715715 9.930931 -10.820821 5090.000000 1.861862 -9.580581 -3.042042 8.802803 -14.588589 11.195195 8.894895 14.210210 4.728729 -7.761762 3.935936 16.296297 8.472472 3.348348 8.971972 -3.653654 14.487488 -8.933934 3.730731 15.902903 16.391392 13.833834 6.637638 12.467467 10.142142 -14.041041 -5.821822 -3.690691 -1.866867 13.864865 11.499499 1.588589 8.719720 -2.801802 -4.460461
14.226226 -11.299299 4.659660 -3.538538 -15.859859 0.314314 -1.234234 -9.335336 13.088088 -10.183183 -7.037037 3.939940 5.714715 -14.373373 2.528528 0.464464 -9.742743 -6.881882 -12.921922 -6.221221 2.919920 -15.195195 -1.091091 -0.530531 -12.068069 4320.000000 13.394394 -9.535536 -15.061061 -15.217217 16.469469 -0.500501 6.140140 -8.159159 -10.586587 4.841842 5.977978 -10.875875 5.184184 6.230230 1.848849 -10.576576 10.881882 -7.269269 -5.783784 6.360360 2.623624 12.654655 6.969970 2.995996 3.411412 14.440440 -5.133133 9.633634 -7.369370 -3.349349 4.456457 5.925926 -14.983984 4.785786
7.327327 -1.166166 14.095095 -11.749750 -11.093093 -10.063063 -11.664664 6.403403 6.826827 1.244244 -4.963964 9.799800 14.875875 -15.793794 3.363363 13.565565 -13.412413 10.678679 0.778779 -12.574574 3.266266 12.944945 6.273273 -15.901902 -12.324325 -3.677678 4910.000000 -5.394394 -5.360360 -8.504504 8.753754 -13.404405 -14.651651 14.074074 10.265265 7.829830 -3.381381 -12.676677 -3.371371 -9.066066 -7.283283 -6.016016 6.192192 -5.634634 15.787787 -6.897898 -12.608608 -9.110110 -11.908909 -9.001001 -4.857858 4.127127 11.696696 -0.891892 9.829830 -0.344344 -5.962963 13.397397 -13.259259 3.238238
2.566566 4.109109 5.751752 16.653654 12.929930 -13.466467 13.891891 6.897898 -5.312312 -2.443444 14.621622 -1.549550 15.804805 15.879880 -0.354354 -13.254254 -2.069069 11.475475 -14.922923 -2.223223 -15.488488 -1.837838 5.390390 11.933934 -3.860861 12.455456 0.570571 4720.000000 7.170170 -8.995996 7.517518 0.678679 3.643644 -5.460461 0.684685 -3.657658 0.518519 -3.732733 -10.189189 0.741742 11.055055 10.617618 14.965966 -12.009009 10.368368 9.891891 -9.284285 14.786787 -15.625626 11.115115 -9.144144 -6.479479 7.761762 10.235235 7.122122 -6.156156 15.796797 14.782783 2.913914 -12.795795
0.815816 16.116116 -15.757758 -1.116116 3.004004 -11.610611 -9.452453 8.471472 3.087087 -15.047047 -10.013013 5.674675 4.982983 -7.085085 8.241241 1.621622 -10.386386 10.204205 16.246246 8.952953 -4.883884 5.832833 4.285285 -12.357357 4.674675 -1.890891 -2.535536 -0.516517 4470.000000 9.908909 13.598598 10.525525 -5.157157 4.531531 13.721722 10.834835 2.706707 -12.314314 10.263264 -10.725726 -9.464464 -14.505506 -10.492493 6.233233 -1.738739 -14.319320 10.152152 0.433433 12.869870 11.028028 3.406406 -0.861862 14.276277 -14.131131 -2.750751 7.092092 1.014014 -8.897898 -4.933934 13.901902
-11.418419 10.877878 1.690691 -14.395395 -10.357357 -3.926927 -15.315315 -15.065065 1.733734 3.678679 1.479479 -9.190190 11.687688 -9.177177 -15.015015 -12.021021 9.605606 6.572573 8.723723 -4.261261 -11.208208 -0.600601 -0.710711 16.262262 -9.902903 16.286285 12.360360 -2.164164 3.066066 4520.000000 7.303303 -9.628629 11.939939 7.161161 6.981982 -1.927928 -1.067067 -9.411411 4.192192 1.817818 -4.007007 -8.757758 9.368368 -15.837838 -2.508508 -13.309309 -5.443443 3.098098 -10.946947 -15.928929 -2.887888 16.281281 3.361361 -12.023023 6.914915 -6.134134 -1.047047 7.373374 -1.050050 -11.126126
-2.360360 8.233233 -2.524524 14.393394 14.169169 -2.547548 8.786787 -13.021021 -15.843843 13.551552 4.022022 11.936937 11.119119 12.880881 -14.175175 -9.359360 -9.380381 -15.522523 -7.714715 6.404405 14.769770 -12.914915 6.395395 9.822823 -8.120120 15.049049 -14.773774 -2.279279 15.737738 9.843843 5560.000000 -6.175175 -15.127127 -10.471472 16.009008 8.492493 6.295295 -10.328328 -8.452453 7.203203 -14.321321 -15.142142 3.083083 -0.426426 4.068068 9.118118 -13.726727 16.178179 14.274274 -11.611611 6.560561 -13.467467 -2.157157 -4.653654 7.175175 7.154154 1.380380 13.323323 13.093093 -3.783784
12.272272 -14.764765 4.734735 10.937938 11.028028 -11.340341 3.652653 -5.384384 -3.729730 0.963964 10.429429 -0.153153 -8.405405 14.033033 9.005005 15.633634 -5.676677 -4.694695 5.660661 -14.267267 6.574574 -4.549550 -11.108109 -1.254254 10.289289 -2.188188 7.980981 -9.109109 -6.183183 6.734735 -5.890891 4350.000000 -9.898899 2.712713 13.821822 -9.718719 4.487487 -0.932933 -11.718719 -4.259259 -11.029029 -7.900901 -5.477478 -10.962963 3.321321 6.623624 -14.656656 13.647648 -1.706707 -3.980981 11.258258 5.689690 -15.428429 -4.481482 10.718719 0.931932 -10.154154 -7.336336 -10.334334 -6.126126
10.068069 12.046046 -15.407408 -12.966967 13.296296 9.463464 6.977978 -2.247247 5.365366 7.016016 -13.503504 3.065065 -13.799800 -1.329329 9.244245 16.328329 2.799800 -7.798799 15.583584 13.771771 -3.488488 12.260261 8.262262 3.057057 11.439440 4.072072 1.004004 -15.200200 2.379379 -12.690691 3.808809 0.766767 4490.000000 6.041041 -3.211211 -13.134134 11.652653 -5.299299 -8.038038 -14.526526 1.496496 -8.400400 3.623624 8.812813 -13.316317 -0.101101 -6.067067 9.496496 -14.702703 -6.834835 7.928929 4.385386 -0.764765 -11.346346 6.996997 -12.132133 -0.325325 -3.384384 8.634635 8.690691
12.276277 -1.617618 8.711712 13.660661 16.162163 -8.869870 -1.134134 -3.637638 10.289289 -10.336336 14.458459 -11.409410 -5.956957 -9.665666 0.911912 6.234234 -13.926927 -15.771771 -8.542542 12.144144 -7.792793 -8.061061 -9.489490 7.695696 13.648648 10.252253 -9.892893 -12.417418 6.303303 7.077077 5.624625 0.761762 13.652653 5080.000000 0.604605 -13.531531 -9.610611 -4.650651 13.318318 -10.956957 -1.546547 2.016016 -5.923924 -5.925926 -2.509510 0.761762 -6.063063 -10.396397 9.746747 14.930931 -15.793794 -13.102102 12.647648 -3.431432 12.986987 14.132133 11.057057 7.330330 10.966967 14.285285
3.272272 -3.389389 -14.490491 -11.396397 -2.452452 -14.342342 13.639640 -11.067067 -9.997998 6.758759 -14.237237 5.050050 -4.883884 15.845846 -13.249249 6.321321 6.849850 13.248248 -13.002002 -12.979980 14.404405 0.497497 -7.503503 12.214214 16.259260 7.928929 15.338338 15.151151 -7.503503 -15.011011 -3.128128 -0.917918 8.655656 -15.203203 5590.000000 0.826827 -15.276277 8.452453 -11.305305 9.818819 -8.695696 6.243243 14.546547 -12.849850 16.172173 -8.334334 -12.058058 14.352352 -2.343343 10.984985 5.921922 -5.191191 -13.527528 -10.149149 8.968969 -12.834835 -13.990991 -13.085085 -8.129129 3.232232
-11.277277 -9.644645 11.444445 -11.092093 -11.747747 -15.960961 8.544544 1.467467 -7.127127 9.650651 2.974975 -10.286286 16.726727 0.313313 -10.064064 10.340341 8.840841 -2.383383 -1.766767 -8.186186 -8.426427 2.788789 -0.342342 10.318318 7.705706 8.334334 -1.411411 -7.741742 16.592592 -14.347347 -8.783784 4.682683 -5.379379 14.181181 -7.767768 4840.000000 -13.214214 -0.434434 15.195195 -11.611611 3.808809 -13.588589 7.607608 -14.965966 3.623624 -11.695696 -12.273273 -13.366366 15.668669 12.659659 -9.465466 -4.621622 -9.214214 -9.697698 4.281281 -0.876877 -7.222222 -7.881882 -2.952953 -5.781782
-13.576576 16.289289 -14.868869 14.033033 1.996997 -9.161161 13.107107 -3.889890 -3.295295 -3.368368 -2.658659 -6.722723 -3.731732 10.717718 -8.355355 4.021021 1.075075 -4.822823 6.837838 -6.921922 10.526526 -7.816817 8.482483 0.740741 10.805806 0.790791 11.792792 -6.577578 -15.508509 -15.003003 12.359360 9.997998 -15.953954 -14.604605 -0.301301 -5.962963 4170.000000 -4.866867 -10.934935 -2.322322 -9.017017 -1.084084 -9.452453 16.045046 11.518518 -0.226226 14.866867 6.738739 5.885886 5.917918 2.112112 9.338338 -2.990991 -0.796797 2.433434 1.022022 14.866867 -11.254254 2.915916 -6.358358
-10.225225 7.191191 -7.933934 8.375376 12.927928 -10.829830 -15.878879 6.876877 5.842843 12.687688 4.230230 5.460461 -11.281281 -9.877878 -13.698699 -7.971972 -10.653654 11.215216 10.975976 3.476476 -4.613614 -1.665666 15.518518 16.110109 8.437437 7.555555 -6.527527 6.770771 12.332333 -0.114114 12.703704 1.230230 12.478478 -10.257257 -12.765766 8.352352 -8.539539 5170.000000 7.534534 -15.442443 3.353353 5.554554 16.648649 -10.483483 -10.464464 12.380381 -2.384384 -11.211211 -2.331331 13.497498 -15.599600 -10.849850 -6.968969 8.663664 12.151151 -4.890891 9.457458 0.305305 7.811812 13.155155
-6.911912 7.150150 -0.671672 -14.139139 -12.222222 4.125125 -11.545546 13.558558 15.362362 -9.555555 -3.407408 -8.688688 4.424425 10.608608 -10.509509 2.929930 6.382382 2.243243 -6.573574 9.315315 2.922923 -15.697698 10.295296 8.900901 2.800801 0.366366 11.429429 -5.320320 -5.561562 2.540540 11.183183 -0.026026 -6.855856 9.107107 8.092093 16.635635 11.776776 -0.169169 4270.000000 12.243243 -3.125125 13.264264 -2.123123 -6.008008 -14.510510 8.352352 -10.544544 -14.991992 -0.067067 -12.509509 -3.001001 -7.982983 1.273273 8.938939 4.935936 -5.908909 9.198198 -4.673674 -11.303304 -1.409409
-12.523523 15.774775 7.248248 -2.753754 -3.761762 -2.853854 7.419419 -0.324324 13.501501 1.180180 -2.961962 10.086086 -7.234234 -9.806807 13.894895 -6.718719 -14.494494 -11.489490 -10.034034 -9.113113 9.785786 -11.273273 -12.481482 7.533534 -14.191191 -14.862863 -11.871872 -8.088088 10.055055 8.256256 6.423423 -8.365365 9.592592 -14.855856 4.789790 -13.179179 -0.568569 -11.713714 -12.740741 5080.000000 -15.497498 8.917918 11.208208 -2.610611 7.527527 14.357357 3.077077 -9.115115 7.558558 15.635635 2.367367 -5.275275 -9.535536 -13.419419 -1.500501 -3.674675 12.146146 16.656656 -15.201201 1.379379
16.525526 13.889890 -15.399400 -7.570570 13.132133 -3.783784 -15.083083 0.767768 13.108109 -7.632633 -8.110110 9.780781 11.659659 0.214214 12.243243 14.681682 -6.623624 7.700701 10.980981 -10.467467 -13.947948 -0.498498 10.331331 -11.895896 8.217217 -12.693694 -13.421421 -1.720721 1.621622 -13.123123 -7.797798 6.133133 -12.510510 12.587587 -4.050050 -12.181181 12.964965 12.577578 -0.532533 -9.817818 5620.000000 12.058058 -11.291291 -14.581581 14.771771 -5.737738 16.359360 -11.287288 14.257257 16.198198 6.287287 -7.020020 16.323324 -9.689690 2.656657 12.835835 11.418419 -10.016016 -4.481482 -11.292293
3.701702 -14.791792 12.716717 7.237237 -6.447447 -2.466466 3.514514 -1.529530 -11.912913 7.041041 6.998999 -10.812813 16.085085 10.048048 -0.557558 7.271271 8.965966 -13.317317 12.097097 -5.138138 16.235235 13.047047 12.002002 6.009009 -6.173173 14.688688 6.064064 -3.048048 -5.433434 -13.484485 -7.791792 9.547547 -0.825826 11.880881 -11.756757 -9.617618 -12.556557 -12.459459 -8.137137 13.278278 12.819819 4960.000000 3.994995 16.529530 -5.617618 7.454454 1.740741 -13.412413 6.294294 15.121121 -6.878879 -5.268268 -8.497498 -2.928929 7.058058 1.624625 7.748749 10.086086 -13.199199 -15.688688
-1.714715 -5.568569 -2.141141 5.360360 -1.446446 10.751752 -2.985986 -8.516517 0.818819 -5.756757 -0.110110 -10.640640 -5.593594 -1.145145 -7.933934 9.977978 -6.041041 -14.581581 -5.222222 -0.356356 15.734735 -4.753754 -8.975976 0.150150 11.179179 -7.283283 -8.090090 -13.343344 12.993994 -11.221221 14.640640 3.398398 10.922923 -8.713714 -10.391392 -12.667667 9.279280 0.504505 -8.820821 -1.718719 13.056056 -10.698699 4420.000000 16.058058 1.019019 -12.042042 10.747747 -9.669670 -6.574574 16.308308 -0.743744 -7.463463 10.387387 15.952953 9.722723 7.568569 -4.295295 -15.541541 -11.459459 1.762763
-5.801802 5.069069 0.478478 1.721722 1.352352 13.058058 -1.079079 0.477477 2.915916 9.045045 -6.381382 15.939939 -15.937938 2.800801 10.178178 -13.060061 -0.646647 4.267267 6.298298 -4.192192 -15.282282 1.313313 -8.201201 10.792792 -6.920921 11.361362 -7.345345 -1.934935 10.048048 15.193193 7.655656 -9.778779 -1.482482 -8.717718 -8.462462 9.815816 -15.427427 -9.848849 13.182182 -7.568569 13.552552 7.906907 -0.464464 4040.000000 -14.534534 -7.948949 1.052052 -6.598598 -14.171171 1.121121 -4.298298 16.457457 5.898899 -1.548549 3.357357 2.559560 -3.636637 -9.585586 -13.213213 2.941942
1.301301 -10.556557 15.887888 -5.260260 4.436437 -12.631632 7.364364 10.038038 -11.091091 9.795795 8.506507 10.256256 6.602602 10.645646 9.257257 -5.174174 3.822823 5.589590 -11.170170 -3.340340 -13.408408 6.684685 1.069069 -5.850851 9.952953 -7.036036 -11.993994 15.413413 -15.884885 4.085085 11.412413 5.327327 -4.518518 1.358358 1.391391 -6.551551 -12.638638 9.704704 7.032032 2.173173 -9.590590 -11.956957 15.330330 3.637638 4710.000000 7.245245 -4.561562 -12.092093 6.212212 -13.626627 -11.170170 -8.243243 -8.087087 -7.256256 -15.964965 -13.420421 -4.008008 -4.281281 -13.054054 -0.448448
15.537538 14.166166 -7.456457 5.772773 -0.868869 6.709710 6.649650 -1.697698 -14.773774 -14.508509 -12.464464 3.429430 11.246246 -2.224224 -12.783784 -11.110110 15.827827 -3.088088 1.456456 -10.038038 5.838839 1.390390 5.098098 7.562562 -11.013013 5.914915 9.758759 3.270270 9.251251 10.405405 -2.698699 4.600601 15.556557 -8.324325 -7.476477 -10.543544 -0.681682 -13.106106 -2.731732 -10.517517 0.090090 15.155155 16.598598 15.641642 -11.481482 4710.000000 -2.346346 16.148148 13.057057 -11.921922 10.215216 -5.123123 -3.566566 12.050050 -2.399399 8.369370 -5.265265 3.633634 -15.477477 5.567567
9.892893 0.740741 4.922923 15.609610 4.422422 15.262262 13.218218 -8.218218 -3.566566 14.537538 -6.820821 13.794795 -1.865866 11.546547 3.068068 -7.533534 3.850851 6.533534 10.454454 5.375375 -12.394394 -1.598599 9.742743 13.968969 -14.949950 5.388388 13.434435 -7.705706 -9.797798 -14.634635 16.540541 5.043043 4.203203 -11.132133 -15.613614 -14.149149 -0.684685 8.792792 -3.982983 -0.025025 4.197197 -8.914915 3.039039 -12.132133 8.067067 -4.858859 4830.000000 3.390390 -11.808809 -15.758759 10.954955 8.757758 -12.084085 -10.837838 -6.807808 10.376376 -7.930931 -5.935936 -9.984985 -8.718719
-13.840841 -7.402402 -10.457458 -2.108108 11.791792 -10.248248 -2.609610 0.826827 14.334334 3.762763 -14.163163 -14.112112 -15.951952 7.611612 -8.572573 -6.638638 -10.078078 -4.360360 1.239239 4.121121 -15.786787 16.400400 6.020020 13.906907 -6.249249 -3.529530 -8.358358 -2.534534 -14.404405 16.365366 -15.312312 5.499499 -9.698699 10.445445 -10.807808 -2.263263 -0.004004 11.186186 -4.038038 15.859859 -5.093093 8.092093 -0.082082 4.401402 9.157157 -15.986987 10.053053 4930.000000 -0.943944 -13.630630 -12.540541 0.591592 15.116117 8.812813 -8.764765 9.460461 14.600600 0.057057 8.496496 6.027027
12.659659 5.000000 10.723723 3.341341 7.250250 0.445445 7.871872 2.823824 15.078078 -11.814815 -13.549549 -12.700701 14.585586 6.125125 -4.973974 -3.386386 2.014014 -2.984985 0.945946 3.948949 -10.645646 15.481482 11.325325 16.162163 -13.778779 -8.691691 16.515516 -14.919920 -8.723723 -11.120120 -13.318318 -14.126126 2.414414 16.703703 4.513514 -12.975976 5.749750 -1.038038 10.290290 -3.976977 -14.579579 12.591592 -3.269269 3.720721 12.646646 -8.568568 -1.347347 -13.344344 5050.000000 -15.038038 -6.736737 13.480480 10.023023 9.150150 7.307307 -6.785786 12.980981 -13.457458 -10.703704 -2.946947
-7.278278 -6.080080 5.453454 2.647648 -4.258258 2.637638 -10.421421 -7.407407 -15.729730 -14.017017 -0.915916 10.431432 16.738739 5.072072 10.603603 -9.277277 -9.110110 -0.392392 10.613614 16.079079 8.369370 10.229229 4.886887 -2.297297 8.795795 1.177177 13.402403 -10.041041 -5.434434 9.992993 2.541542 4.290290 -13.602603 -10.215216 -14.812813 8.214214 14.046046 5.187187 10.961962 -8.486486 3.808809 16.323324 14.812813 -1.829830 -1.534535 10.318318 0.593594 6.130130 13.645646 4530.000000 3.049049 12.659659 -0.922923 -3.187187 9.621622 10.596597 -4.070070 1.788789 7.134134 16.429430
7.475475 4.363363 6.739740 -0.469469 2.295295 -6.892893 15.390390 4.660661 -6.344344 -6.038038 4.032032 -10.918919 -8.914915 -9.980981 4.758759 -5.613614 -2.635636 0.246246 -6.448449 10.392392 10.963964 10.666667 -13.975976 -12.798799 10.354354 -7.262262 2.800801 8.766767 11.410411 -2.364364 3.947948 1.683684 10.334334 3.584584 6.701702 9.334334 1.727728 -3.055055 -6.113113 11.505506 15.427427 -3.002002 -8.717718 -8.386386 0.944945 13.136136 -13.067067 -13.949950 -4.879880 5.198198 3790.000000 -2.216216 8.221221 -0.334334 7.532533 0.732733 -1.484484 6.050050 1.279279 15.446446
-6.258258 -15.406406 -8.383384 -9.393394 7.889890 1.608609 -4.034034 -4.312312 8.534534 3.578578 -12.366366 0.086086 9.540541 2.355355 16.734735 6.453454 -13.241241 4.161161 -15.529530 10.359360 -13.256256 15.540541 6.596597 -3.596596 -5.081081 16.561562 -10.513514 0.504505 -1.194194 4.823824 10.639640 -10.712712 9.560560 0.564565 -4.162162 12.706707 -14.584584 -14.783784 -10.404405 -12.795795 10.680680 -8.283283 3.107107 -8.032032 -14.900901 -9.081081 14.729730 9.168168 -2.777778 -10.790791 -7.169169 5050.000000 13.372373 14.464464 -8.790791 2.576576 -9.715715 11.874875 -9.870871 16.795795
-5.807808 15.555555 -7.613614 -11.625626 -8.776776 -5.725726 14.632632 16.516516 7.112112 -0.389389 -8.622622 13.520520 -6.945946 14.890891 -13.690691 -6.657658 -2.664665 2.000000 6.737738 9.152152 12.355355 3.617618 12.597597 -0.780781 -1.733734 10.786787 6.240240 13.651651 10.469469 10.948949 7.225225 -1.093093 13.765766 -8.031031 -4.845846 6.211211 -0.786787 -10.727728 -14.451451 0.795796 -13.499499 -15.578579 -6.174174 6.897898 3.070070 4.658659 -13.228229 -4.975976 16.402403 2.133133 2.952953 -15.976977 4710.000000 -6.450450 16.680681 -5.910911 9.212213 6.149149 -10.636637 -4.796797
2.950951 15.555555 10.866867 11.967968 1.544545 11.812813 -9.303304 4.527527 -7.462462 -14.464464 15.258258 14.529530 14.431432 3.303303 10.976977 -0.975976 -13.332333 0.201201 -6.454454 5.252252 -7.021021 16.279280 2.294294 10.824825 -5.862863 12.795795 15.915915 16.638639 -3.878879 -4.981982 -1.817818 12.232232 10.531531 3.887888 9.068069 7.329329 13.271272 14.458459 5.097097 11.680680 -7.270270 -7.733734 -14.043043 -7.076076 -1.722723 14.333333 12.793794 -10.190190 -14.888889 -15.672672 0.810811 -15.907907 -10.528528 4980.000000 -7.595595 3.624625 3.852853 -6.833834 -6.539539 -5.612613
-12.172173 -2.513514 13.420421 -0.440440 7.335335 -3.834835 14.971972 -13.430430 -13.187187 -2.297297 -12.439440 -8.549549 -14.551552 -4.911912 14.569570 -12.984985 -10.063063 1.217217 -9.236237 12.993994 3.789790 14.669670 7.868869 7.434434 16.011011 -13.424424 15.255256 8.716717 5.969970 6.902903 3.200200 3.484484 -6.304304 -6.331331 4.526526 -8.561562 -2.783784 -10.965966 14.042042 1.492492 4.562562 -15.029029 7.220220 7.043043 -13.923923 -11.146146 -6.459459 -0.338338 -10.965966 6.084084 -9.299299 4.935936 12.217217 -5.916917 4740.000000 4.593594 -2.350350 -10.428429 3.137137 7.817818
-2.065065 4.266266 5.745746 6.300300 3.610611 -10.691691 -4.722723 -9.658659 13.750751 -11.636637 -3.131131 -9.876877 -1.763764 -7.489490 -9.269269 -8.511512 6.920921 10.439440 -15.557557 -14.454454 8.517517 -1.712713 14.342342 1.424424 9.633634 -1.348348 11.403403 -12.091091 3.968969 1.872873 8.271272 16.471472 6.916917 10.347347 -0.370370 15.430430 -12.018018 15.770771 -1.826827 -0.231231 -10.959960 9.248248 -8.029029 6.316316 11.277277 -3.406406 -15.326326 10.043043 -8.385386 7.543543 -11.626627 15.177177 9.061061 5.606606 -13.451451 4730.000000 -7.797798 15.282282 -0.687688 -12.852853
-13.326326 12.563563 6.001001 -14.354354 -8.586587 -6.142142 -11.486486 -4.703704 -3.853854 -1.152152 14.439440 -8.556557 16.112112 10.407408 0.187187 -9.852853 2.053053 -0.881882 -8.443443 -2.213213 11.917918 2.694695 11.556557 12.489490 -2.537538 15.845846 -15.090090 -7.687688 -14.186186 7.306306 2.677678 16.697699 9.194194 3.552552 -6.805806 -1.464464 5.243243 -1.662663 13.980981 -6.654655 -7.633634 -11.644645 1.224224 3.716717 -11.883883 -7.414414 -5.315315 -2.479480 7.855856 -5.192192 2.610611 -10.774775 5.312312 -5.157157 -0.264264 -15.558558 4280.000000 9.634635 10.139139 -2.190190
13.282282 12.881882 13.628629 9.975976 -15.716717 15.178178 -11.752752 8.157157 0.752753 10.948949 -8.460461 8.847848 -12.973974 -5.862863 2.805806 10.361362 -8.069069 -1.446446 -13.447448 3.362362 13.703704 4.009009 -2.208208 -12.909910 4.604605 -7.835836 2.184184 -11.782783 -1.138138 -6.774775 -13.927928 -2.748749 -4.055055 13.790791 -3.382382 16.220221 2.024024 14.998999 -1.722723 1.354354 -7.188188 -4.719720 5.827828 -7.101101 3.838839 -13.941942 -13.418419 -13.822823 12.958959 14.706707 -7.991992 0.026026 -14.862863 7.095095 11.382382 -4.862863 6.729730 4660.000000 7.700701 0.026026
-6.319319 -1.501502 -10.727728 -1.251251 16.068068 1.040040 -13.176176 3.696697 1.818819 -3.800801 -13.671672 -1.205205 -6.782783 -10.254254 15.403403 12.422422 14.239240 -7.589590 7.079079 5.390390 0.724725 3.861862 -0.409409 -2.711712 -0.574575 10.064064 0.786787 -14.654655 5.544545 15.555555 10.205205 13.501501 5.602602 -15.442443 -13.371371 11.438438 -11.160160 7.663664 -8.249249 -9.104104 1.997998 10.392392 2.570570 -10.627627 10.688688 9.184184 16.749750 -12.237237 2.988989 1.510511 9.147147 12.048048 0.082082 3.665666 2.967968 -10.446446 15.959960 11.739739 4440.000000 -3.677678
-8.167167 5.701702 8.745746 6.899900 9.651651 1.733734 -0.647648 12.682683 -9.624624 10.316317 -8.774775 13.732733 1.416416 3.611612 -12.503504 -4.195195 -14.729730 12.058058 11.477477 -12.108109 0.973974 -5.501502 -8.040040 -15.975976 -12.794795 -4.611612 0.928929 -11.353354 7.458458 3.767768 8.294294 2.097097 -13.898899 -5.225225 7.494494 8.708709 -5.824825 -5.222222 4.581582 13.668669 -4.686687 -5.118118 3.002002 -5.653654 12.255256 13.118118 1.525526 9.036036 -14.865866 -1.144144 6.321321 0.806807 -13.195195 10.944945 9.021021 -1.379379 0.798799 2.323323 -2.609610 4110.000000
MEMB
-7.237237
3.423424
16.033033
10.526526
5.784785
4.277277
15.748749
-0.765766
-6.352352
-0.328328
0.978979
-6.194194
8.019019
-10.733734
-15.641642
3.503504
-5.582582
3.396396
-4.598598
-11.766767
9.776776
12.092093
13.141141
-0.872873
-14.780781
-15.163163
4.152152
2.960961
10.888889
-8.608608
1.393393
10.557557
4.041041
-11.997998
11.663664
-2.310310
-0.359359
-0.667668
15.130130
9.012012
-9.731731
12.418419
8.732733
-0.864865
-3.020020
-2.196196
-3.900901
-1.807808
-13.265265
-2.642643
6.994995
-8.010010
-9.983984
5.105105
16.120121
5.700701
1.476476
6.993994
8.305305
10.793794
MEMX
-15.575576
4.336336
-5.696697
12.953954
-11.614614
-6.770771
-5.383383
6.294294
11.751752
-12.907907
-7.615616
-12.401402
12.360360
-10.954955
3.953954
11.116117
-6.788789
1.249249
5.751752
-14.372373
8.560560
10.737738
-2.702703
14.325325
-15.201201
6.057057
4.568569
-4.801802
-11.436437
-2.943944
8.355355
4.094094
16.486486
-6.271271
-4.589590
14.140141
4.612613
14.851851
-14.152152
14.470470
-15.275275
16.734735
4.986987
0.380380
3.171171
9.609610
-15.718719
12.236237
-8.147147
-10.413413
-14.032032
-9.547547
-5.823824
-13.505506
14.428429
-15.320320
-15.603603
-13.263264
5.722723
-7.484485
MEMC
-76981.750000
20646.576172
-25115.531250
61955.609375
-49016.882813
-30190.013672
-25186.062500
30439.335938
63374.281250
-50179.179688
-35375.472656
-55985.136719
55198.117188
-45349.214844
18736.730469
47667.863281
-33627.679688
6679.640137
27942.755859
-62860.917969
36155.828125
50861.585938
-14370.147461
61954.730469
-77184.718750
26515.849609
23070.902344
-22158.763672
-51767.644531
-12195.752930
46164.496094
18166.527344
73841.117188
-32717.462891
-23892.632813
68163.000000
19651.546875
77221.187500
-59233.605469
74054.718750
-86884.148438
83161.898438
21604.138672
676.055908
14411.924805
45408.128906
-75853.046875
60593.359375
-40467.781250
-46952.882813
-53521.410156
-48883.703125
-26935.708984
-66033.882813
67173.140625
-71003.328125
-66050.156250
-61730.085938
25718.427734
-30544.189453