
 MATRIX A
-3 47 -41 -32 -42 -52 -4 41 -50 -19
-2 -5 -61 10 -3 34 -9 46 36 -25
-4 28 6 -37 -1 -31 -7 56 -33 3
-54 58 -50 5 -34 27 0 -49 45 47
30 -54 27 50 -9 54 30 -49 43 20
-57 -16 -35 21 6 -30 3 -5 -46 -37
0 -33 -6 -29 18 47 -45 -60 63 -2
19 -22 -39 -44 -12 -22 31 41 -2 11
-47 -55 24 18 0 34 50 37 10 -26
48 12 24 -24 -29 30 -17 34 60 38

MATRIX B
11 -39 17 15 58 46 -1 21 61 -63
-29 -28 32 -2 -27 -55 -45 -31 22 -23
41 -62 18 47 -33 -36 47 -57 52 -50
43 -18 -61 25 -41 -15 47 -7 -60 7
61 22 -33 2 2 -30 6 -20 43 41
4 12 34 41 4 3 -9 48 -38 -44
-34 28 61 33 52 54 -33 -4 -49 -51
-47 -20 -8 0 -48 41 6 29 -34 46
-50 16 32 10 -31 54 28 34 -18 27
37 -42 19 -11 30 33 27 -28 -15 58
PS D:\User\Desktop\COProj\co-proj-hwsw\c programs>