MEMA
2849 -57 25 46 -23 33 -11 40 -35 1 8 55 62 -7 -30 7 55 -51 -57 -6 -32 55 43 -40 32 -3 27 -41 7 19 7 -32 -9 -52 -49 27 -34 -35 15 55 -30 14 5 -15 39 14 12 -52 43 29 6 3 -46 14 60 33 17 -20 -5 -48 -2 25 3 59 -1 -46 17 47 -9 -26 10 58 60 0 27 4 18 -15 -43 37 11 41 19 33 9 -1 61 -27 54 -39 27 -37 60 -50 -21 -13 12 -6 -31 -53
-17 3200 50 48 -49 19 -7 -58 -31 -36 -26 -11 16 39 43 -3 -18 49 22 -55 -2 -45 41 -45 18 34 -56 -48 37 15 55 -36 -37 22 15 -25 23 45 -54 22 -48 -7 38 -20 13 -6 8 -53 -58 55 -18 62 -11 25 -50 31 41 -11 -36 -25 -20 11 14 -35 46 -27 -31 -13 46 -30 50 -28 -8 -35 54 3 -11 47 -34 -54 47 19 35 2 -62 21 43 51 9 18 40 23 31 16 -40 -43 53 -47 40 57
-54 -15 3137 38 -48 8 -10 0 -45 1 -34 -58 40 47 -44 31 40 -38 -28 13 20 47 -23 14 25 -16 2 -44 29 59 32 -23 59 -58 -45 -29 38 -24 -3 -9 -49 -42 54 23 7 -27 -40 -23 9 42 19 56 11 -16 20 -59 -46 38 -5 -7 -23 -13 62 -2 -15 -10 -61 42 42 -44 34 -58 47 63 16 34 1 -11 -58 2 -33 -12 -46 -51 7 -30 -32 -2 -38 -37 39 -18 -4 48 55 63 -12 -58 60 27
-27 18 -9 3451 -44 -4 17 -41 37 17 -19 -39 -63 -49 52 -20 0 0 57 -52 -31 -29 -19 -23 20 26 -8 -63 -22 37 -45 -35 58 -45 -54 -32 56 -9 -38 49 -32 -43 -38 37 -29 1 -54 -59 -54 49 -48 9 50 61 40 43 -52 -62 44 -31 20 46 19 36 -20 50 36 -27 -9 -59 8 56 -6 -56 -41 -19 21 -5 32 19 19 -54 8 -31 51 23 55 4 25 36 59 -51 -46 40 9 50 23 57 -52 50
-60 41 53 0 3108 -35 -24 2 -61 -37 62 29 -26 5 7 -59 -25 -54 -15 -51 -50 44 -56 -6 25 7 57 -42 52 -34 -61 36 -18 18 -9 42 54 -11 -49 1 -13 -23 42 55 43 17 44 -9 -20 -41 38 -21 24 47 47 46 3 -22 40 -26 25 -2 -57 -30 -27 24 -34 -31 53 -36 6 -43 -53 26 -29 62 36 3 21 3 -3 -15 41 -47 2 -17 14 -9 -63 27 -45 -56 -9 -22 -46 -36 46 4 -8 -35
-52 -56 -54 50 8 3171 -26 31 -15 -34 24 -62 -15 -13 -59 -4 -14 25 58 48 29 19 51 -19 -38 -40 25 -47 -16 -57 -50 -30 13 -34 12 26 7 27 41 -48 13 15 -55 -40 57 -27 62 -9 41 -56 -57 3 5 -11 -63 -46 43 -20 15 -52 -21 -2 -27 -63 -21 45 -1 -37 63 47 36 -44 -49 -12 -8 53 -26 -4 -36 -41 -57 -1 3 -32 -4 14 -20 0 49 57 -30 35 -5 -11 63 -44 47 50 15 13
-58 -11 -58 57 -23 -47 3281 24 32 24 -37 63 -59 50 -7 9 36 -36 37 12 12 59 -5 -6 26 32 -38 4 3 -44 -27 23 -56 60 -7 28 -21 -38 58 6 47 -59 -8 -35 -8 63 -15 8 59 4 -41 22 57 -37 0 62 -37 36 46 -58 -20 -26 -25 41 18 3 40 34 -63 45 27 -41 -9 59 -23 -22 20 -17 -20 53 27 -36 -27 -50 17 -19 -45 41 -17 -49 49 23 -56 40 51 -61 13 -14 55 -1
48 -42 16 39 -12 -33 -30 3390 38 -9 42 52 56 -32 52 -23 -54 49 17 -60 35 24 -43 7 -45 -56 41 43 58 -33 7 -13 -34 -54 23 -25 -62 -63 19 -10 25 -6 37 -11 38 60 34 46 -13 -42 22 -33 -31 41 6 43 38 -38 -31 -7 59 -53 -14 -57 -57 -19 -25 -51 22 28 38 37 51 5 22 49 17 -54 9 -18 -5 -13 -10 24 42 -46 46 40 54 -29 46 14 -53 -30 -46 -46 -56 13 -12 -34
-59 -37 -59 36 21 17 -19 -15 3108 10 63 6 42 13 3 -35 33 18 50 46 -45 -44 35 23 63 -2 -5 -8 23 -27 -19 -22 60 15 15 -23 61 6 -37 9 33 44 23 -33 39 21 -52 -31 3 18 -12 -7 38 8 11 14 15 37 61 40 -55 27 63 14 6 -6 39 -12 8 51 -55 24 45 12 -33 -19 -15 -25 25 39 39 42 -47 -47 59 -57 -15 55 -56 8 -26 -35 -53 -60 18 50 -53 7 39 -43
40 -40 -33 9 5 49 -31 49 -26 3023 -14 -1 4 -35 34 8 -12 -60 24 38 21 4 59 29 -23 -35 -55 12 -53 -47 39 36 49 28 0 20 -30 -49 -28 57 62 -5 23 2 39 -42 61 1 18 30 3 54 63 33 4 -4 -54 -48 3 27 -26 24 57 9 18 24 -53 60 26 -61 42 31 16 17 7 23 -63 -15 -13 39 48 -29 -20 18 41 23 -1 24 -16 -11 30 43 21 -47 -17 53 20 -52 25 -46
30 25 -14 5 -52 29 -5 -15 22 52 2835 -14 -56 9 -50 47 -44 -59 -23 29 60 13 49 -42 -14 20 -47 -24 -34 37 3 -17 -3 9 -11 30 63 23 -22 14 13 -46 -30 -27 43 -12 -36 -49 -39 56 -5 -62 -23 -54 16 -1 45 43 -24 -24 -16 -1 -37 -4 -33 -10 -22 39 18 -28 4 55 39 40 40 16 12 -11 9 -2 -15 42 -24 -55 12 -60 -54 -40 21 11 55 14 42 29 47 43 10 -16 4 -24
-53 -43 56 6 0 -62 40 16 -10 -58 0 3391 -16 1 -30 1 26 2 43 -35 21 -45 62 58 -58 50 -52 -1 -32 48 -16 54 -53 37 48 -37 -47 -45 29 13 -47 15 43 62 -59 -50 20 -58 -30 -8 59 -43 51 -48 -8 -36 -38 -35 54 63 -33 31 -38 -12 -51 0 -45 -28 -18 -63 -62 58 -31 -27 46 -25 -5 -51 38 -2 14 3 63 -42 18 -7 -36 -19 -41 37 50 6 31 -48 -25 12 -20 -9 63 28
-57 23 -54 -39 -57 -58 -20 -51 58 -25 62 28 3285 -17 53 63 -15 -13 -34 -13 11 2 63 53 -41 2 57 -8 29 13 -41 -52 -22 17 -23 50 -3 30 -2 -6 -56 50 -4 32 12 -13 -37 63 42 15 -20 -1 34 -43 22 -2 -39 31 -15 62 49 46 48 2 -1 21 -54 33 -34 -57 -63 -60 0 -15 -5 20 1 48 39 -51 52 -55 -13 48 33 -21 48 -38 16 -62 38 -18 -42 52 35 31 -54 54 24 8
27 2 -57 -52 -30 14 -43 16 30 54 -50 45 33 3122 -38 49 -22 -1 62 17 8 41 -15 37 18 -30 -63 -49 44 48 -8 -40 -56 -1 -31 -1 2 37 28 53 -35 0 61 -16 32 -32 3 54 59 53 48 55 -25 -56 -30 13 -50 -23 -40 5 34 -16 11 11 -51 -36 28 24 22 -7 -29 52 13 -12 36 -13 -4 19 -49 3 47 33 48 44 -19 54 9 -38 -56 -25 -16 5 -58 10 -18 43 -12 29 -61 28
-18 -3 52 -56 -32 -27 -23 -35 26 13 24 -28 59 63 3242 27 -8 61 -16 -51 30 -29 -46 -33 -55 -63 59 -52 -30 57 -39 -36 -13 -51 26 53 -31 17 47 35 -1 36 54 51 50 -7 52 -5 2 -47 29 50 -53 -45 -3 -21 -2 3 8 12 21 15 30 -11 46 50 24 -46 -10 36 -40 7 -56 -32 -3 -40 -62 37 56 16 31 14 18 -27 33 22 48 -47 -47 -22 -27 24 -21 -22 17 -46 -60 34 45 -5
-30 52 -3 19 47 -19 59 -61 -13 5 -48 -23 4 -62 -48 3207 -44 -5 -26 2 -53 61 -32 41 26 2 -23 38 -14 62 -40 28 -58 -59 -8 34 12 42 61 -14 45 -58 -49 -30 -5 -30 -51 -50 -18 57 -44 62 15 -17 2 2 56 -5 28 -11 21 -43 14 44 26 -61 -35 -41 -46 31 -54 -16 51 2 -54 34 -16 19 2 -15 -37 -10 -22 15 -31 27 -47 -13 53 -28 -37 11 37 -35 -57 46 55 10 -7 34
13 -1 34 -45 34 63 14 29 -24 35 -30 61 -33 -61 -39 -51 3288 15 -51 -39 -36 57 17 2 52 -3 -15 49 -46 -30 -36 -63 -21 43 9 60 -12 -17 40 18 3 15 -38 -57 26 26 8 22 52 62 -12 25 -42 -29 -23 63 -12 6 -7 -47 -10 -4 -54 58 47 47 56 -37 -2 -18 -33 12 1 -3 -44 45 11 -26 31 -34 -59 -50 -63 42 38 51 -57 -11 46 -11 -57 50 17 -9 -54 -27 63 -60 -25 -25
-11 8 52 -28 57 63 54 31 9 -4 -1 -36 -4 9 38 12 45 3378 -53 32 -52 -13 63 10 -23 -33 25 -32 24 -51 -54 39 -28 -15 -25 60 36 -41 -27 -43 -52 27 -58 22 37 -20 24 -55 39 54 -45 9 -49 -42 -60 23 33 41 52 23 -43 -37 13 -17 54 -52 -13 4 -47 -18 61 19 -30 -14 -51 -31 41 27 2 -6 44 44 -8 -56 -39 30 46 35 57 57 -43 -59 42 41 -32 26 51 38 14 -8
-18 -36 25 43 57 23 42 -38 14 -21 -49 -61 49 -47 14 58 35 -5 3125 6 11 -34 -19 -20 -18 33 -25 21 -5 -7 43 30 -58 35 -48 -6 28 17 48 -20 -12 -39 -30 -44 5 19 38 17 8 -61 24 35 -49 -46 44 -34 13 -41 -57 -44 13 41 -7 -52 59 -11 51 -23 46 -48 -20 -51 23 14 29 -24 -44 -49 13 -59 -7 -4 59 -23 23 58 -1 54 18 10 30 -40 -61 11 -28 30 -44 43 17 -20
-15 48 40 -1 -48 -30 -32 -55 37 -51 -51 26 7 -39 15 -46 -44 44 14 3512 35 39 9 49 -45 -37 17 3 41 -51 52 5 -62 -6 -21 -46 18 -42 1 -55 -33 -63 40 35 -36 52 -36 -26 -49 36 60 10 4 -57 30 -8 -50 -62 -28 48 -8 13 -28 -63 -39 -28 -11 -33 -15 25 -41 -55 -63 -55 33 61 -63 25 -26 55 48 15 41 58 18 43 -15 -44 35 -41 -5 41 20 -51 -30 55 -52 13 -60 13
22 5 50 52 -27 -14 -11 18 25 61 -18 -26 -6 -61 49 59 -54 -56 17 -11 3064 26 49 62 -16 21 -21 15 13 3 19 15 -51 32 -30 3 -58 51 28 22 -28 0 48 27 12 1 -19 37 63 54 10 27 -30 -5 30 11 25 30 59 -8 -24 61 -41 -29 -9 28 46 58 53 -14 -52 13 60 -16 -27 15 34 -7 46 -34 39 63 -29 15 -14 -46 20 -9 56 -52 9 48 5 34 -61 -45 23 -40 -35 -23
-26 -4 -13 2 -36 -57 63 5 -46 -57 6 19 -49 -39 30 39 45 -26 33 52 20 3380 6 -1 -20 2 -61 -10 -55 -34 45 42 -29 13 -62 -48 20 -25 -14 -53 15 -17 -63 -59 33 32 61 -58 -51 -25 17 -61 13 -6 -31 58 -4 24 1 46 -58 -28 -32 40 19 -50 29 27 -42 -27 40 59 40 -26 -26 56 37 -28 57 -40 -24 -12 -20 -17 34 29 -60 -60 -14 15 -27 42 -30 -52 44 21 59 -46 45 -42
44 -4 9 63 -53 10 56 4 -3 28 11 -40 -17 23 -14 -48 -20 42 -43 7 -23 -5 3206 -26 13 35 -55 50 -3 24 -46 61 63 22 59 -55 -6 37 57 7 -24 -20 37 -52 48 -59 35 -55 32 -33 55 -2 -44 -36 -35 37 -43 38 -27 -54 -46 14 39 -37 -46 -55 -34 -42 28 -17 35 -17 63 35 -9 -58 -40 -32 58 9 17 39 8 44 4 30 -22 -4 -30 58 47 53 20 9 6 4 -60 -44 12 -13
-17 9 -16 52 -6 63 -19 -29 -23 52 47 12 43 25 -28 36 39 28 10 -55 -8 -14 -46 3216 -9 -49 5 -36 17 37 -31 53 14 4 -47 27 44 -23 -19 -49 -55 -2 51 26 -7 -7 -34 3 -56 26 -47 52 -7 10 -16 34 10 14 -13 -51 -47 -40 -18 -62 -16 -39 55 51 3 -13 -37 62 50 -30 54 -58 31 54 11 -15 -55 -55 10 56 -32 -18 45 16 57 -29 -35 18 54 46 -58 -57 -24 -17 -48 -38
-55 -34 22 -12 -61 -14 -30 -17 -31 -21 -8 34 -20 -60 -61 21 -57 51 37 40 -49 -43 13 49 3045 27 -13 -2 37 25 1 55 -27 -41 -6 61 -18 42 31 -63 26 -32 48 -38 -50 20 61 -39 -30 29 -13 1 -20 -40 7 -4 -48 59 0 47 51 22 -18 -63 -37 52 -34 -12 6 -9 14 50 -58 6 57 -29 -23 47 -3 -33 1 24 42 56 19 -53 12 15 -10 -39 -17 46 -8 16 -8 53 -57 -3 21 -1
58 43 16 9 -8 -1 23 23 17 -10 -63 -50 17 -63 -34 -5 31 -6 25 -43 41 -25 -62 -39 55 3015 59 35 -27 -33 -16 -49 20 11 62 -45 -29 20 -58 -37 -8 53 1 23 26 -36 25 0 -55 29 -25 1 40 9 -13 27 17 -60 14 -31 12 54 55 -29 -6 -60 -15 -21 -43 61 -63 32 42 36 -12 -5 -61 -37 -24 13 35 -39 -22 22 -48 11 -3 -21 -1 -18 5 20 45 13 53 -59 45 -18 57 -7
55 30 -2 -28 18 -23 11 2 -54 -34 -51 -15 31 59 -44 -30 22 -25 -45 -52 -38 -7 -15 45 -39 23 2900 10 -51 16 -24 -15 15 6 -15 45 -13 19 -11 3 13 45 -52 8 9 -63 17 -2 15 -63 -26 -51 -45 43 -36 -24 56 51 -38 -43 -45 27 6 18 -2 -17 7 19 -16 33 27 34 3 -62 -32 57 8 -46 -54 -48 -20 -21 33 8 -7 54 15 -50 19 -18 -5 -45 20 -18 -37 -24 -62 2 42 54
4 -6 36 -52 -61 58 5 -5 33 -63 -28 7 -10 -29 -17 37 57 58 13 50 -52 1 -56 62 -59 -46 -22 3284 52 16 -62 -60 9 -12 -16 59 -5 -24 45 -53 51 -49 0 36 22 -47 49 -40 -38 -62 23 54 -32 -48 -14 -34 -15 -4 -14 -37 -53 26 47 -13 53 -50 30 -9 -6 -61 -50 53 -4 38 -5 -18 -48 10 -54 -34 -3 -61 40 -57 -21 -23 41 2 4 15 -18 11 23 -52 -45 11 24 53 8 -46
39 -13 -47 -44 19 -32 -19 -4 -62 16 20 3 35 31 -8 27 35 11 26 10 -60 23 19 22 -57 -6 4 -37 3120 -59 -60 -22 7 -55 32 -55 -20 -2 43 45 40 16 -22 30 38 40 -5 57 -37 29 -21 -32 -46 16 -41 3 35 42 26 -63 21 -2 34 41 58 -59 35 -60 -41 -14 -57 50 -36 -28 30 17 62 23 -31 -15 2 52 63 -7 44 -33 -26 37 18 10 -23 37 28 -44 50 -56 -2 14 57 2
0 23 12 2 -49 15 3 -51 -2 18 21 -34 33 15 54 -41 45 -44 44 28 21 -10 61 -2 56 33 61 -58 43 2983 63 -52 -16 52 5 -28 17 -58 -30 -53 -43 45 -63 -23 -32 27 -20 8 12 46 -47 -44 -54 -11 -30 -53 -59 48 -55 -12 53 20 17 -12 9 -2 -11 -25 -49 -30 6 18 13 -26 -58 -56 1 -15 -9 38 -38 23 53 3 -22 57 30 25 -5 53 23 -21 45 1 2 -37 14 20 -34 -21
-49 -18 50 53 -49 39 -59 -7 -28 -45 -22 -39 5 37 -7 46 -53 35 50 3 -16 -46 38 18 -63 29 -27 -20 25 2 3390 24 -12 32 38 -42 27 -54 26 -53 1 51 -42 -48 -41 -39 -8 35 -35 61 -33 43 21 17 48 27 54 -16 5 32 35 63 -55 -27 63 -39 32 27 -43 13 -34 -44 -15 45 -58 -54 -10 32 -56 -1 48 63 -36 -59 55 -19 42 6 -12 43 45 -5 0 47 -8 17 -51 37 -40 63
51 33 -30 -6 -27 9 63 17 -28 -42 58 40 -19 13 -30 11 0 -54 -58 28 -6 44 34 12 -32 35 -5 44 -45 62 1 3025 -49 34 56 -18 44 58 -56 -5 0 62 -30 -45 -39 51 34 -55 -11 -8 -14 -11 -26 -1 37 -16 -49 -43 0 14 37 10 -52 54 27 21 44 43 49 -29 -34 -21 4 12 5 -2 -42 -16 -52 -46 -11 52 -40 -15 -18 -39 -11 -49 53 -18 -18 -34 51 25 -26 52 -24 -19 -58 -5
-5 -50 -3 -51 5 -36 46 -10 -31 41 8 6 63 39 -35 -63 -23 27 -54 -37 -42 0 -22 11 10 40 -10 -28 -33 9 -56 -15 3152 -12 28 28 -10 56 30 -47 20 -14 -3 -43 -20 -25 35 -35 -57 -43 -40 -41 -45 12 -42 -43 -48 34 33 55 7 51 50 -18 1 -8 46 -33 37 23 -43 -13 37 9 -49 53 -15 -13 9 13 20 -63 -45 12 38 -2 -50 -61 -56 26 8 46 -60 35 -62 30 -40 44 36 38
60 -37 12 11 -27 -37 26 45 30 55 40 -28 -7 -59 -26 -43 42 45 42 44 -45 -44 -56 -44 -43 -4 -18 -6 36 12 -23 16 -62 3380 59 21 -62 -2 -6 -50 34 14 -41 63 58 -14 60 19 17 -34 1 49 -20 57 -10 62 -43 -53 -21 -56 -5 63 -30 -56 22 46 22 -38 -59 54 5 51 4 59 37 -53 57 8 -6 56 -20 62 34 -62 42 -25 41 17 59 11 39 21 9 26 -11 1 -6 31 9 -22
20 -14 -50 7 43 -15 -28 -5 -14 -16 -62 63 38 -21 27 19 -61 32 -14 -5 -37 35 -47 -63 26 29 0 0 5 50 -62 39 -16 -51 3149 -2 -41 -54 26 19 -4 -62 46 49 8 -19 52 46 3 -41 -36 55 -30 -25 -50 -14 20 -11 -34 18 47 -25 37 60 56 14 -53 -39 37 -49 14 34 14 61 -36 33 54 53 -13 -28 -40 39 -17 13 -35 20 -61 29 -6 -6 -24 16 -54 37 -41 33 -27 40 16 -27
14 -10 -60 2 -9 -45 -33 47 49 38 23 -47 -54 -36 47 -50 50 -42 15 4 -22 46 -16 -31 3 -61 53 24 11 59 52 -5 -23 31 -10 3227 36 28 -56 8 -44 10 30 -34 -6 -23 31 -37 37 -62 -49 49 30 -59 -58 -9 -27 3 -36 50 -33 19 53 1 -28 24 33 27 30 -33 36 -30 -41 25 -62 -61 42 -16 56 29 -43 -36 -38 -1 -17 24 51 -49 -42 18 33 -54 42 37 14 -26 14 24 -6 6
10 12 -1 3 -50 -9 -10 -1 53 62 -11 12 60 19 -59 16 -50 49 3 -12 23 10 23 6 -38 22 52 40 -47 -59 -14 35 39 -59 -36 57 3258 51 -21 -32 18 -50 -54 43 50 -62 -34 -41 -55 -60 -11 -5 -56 -15 14 -37 -14 53 26 -47 -16 45 55 -54 -45 -46 60 -30 53 -54 14 1 -42 -61 36 10 -21 45 50 14 11 47 -52 7 -30 56 17 8 20 -4 46 -12 13 -47 52 28 6 40 30 -27
26 33 9 -58 46 -18 -12 -61 -12 10 9 63 -37 2 63 -58 58 62 -27 25 -1 19 -37 50 37 23 15 9 -43 -19 -6 53 -36 15 63 -31 -23 3141 32 -5 57 -10 -25 62 28 -13 9 -15 4 -52 14 -26 11 -49 7 58 17 -44 39 -53 -17 -20 -57 -43 -38 -45 -45 -49 -20 11 12 -23 2 -4 11 44 -52 -25 -35 -49 -50 23 -53 16 45 43 20 -59 7 -54 29 -25 34 31 -12 -50 -47 22 31 -38
59 -6 26 -55 -15 19 -15 -11 5 -19 -24 48 1 -61 22 8 -7 -42 -31 21 22 35 -53 50 -40 46 -16 56 -39 -13 63 23 -9 30 36 -26 5 30 2930 -47 -1 -62 -41 -11 -29 -38 39 11 27 37 -56 -3 45 -6 -60 -55 19 -20 36 56 -26 -19 6 -24 -38 34 5 24 25 -21 31 -58 12 -50 -46 6 23 -39 -16 29 -35 29 30 -37 21 -44 -37 22 -11 -43 -10 -1 -55 -14 5 -6 59 -30 15 -61
-26 53 12 34 26 37 -6 -39 27 36 32 21 36 -19 56 21 -13 31 30 -46 57 19 -58 -56 44 -32 9 -57 16 -32 20 -45 -3 34 1 3 52 9 -15 2893 -55 13 34 16 -13 -17 -29 34 -56 59 -40 -4 58 -2 -14 -38 25 -3 27 19 -24 -49 -32 -58 -50 -57 40 -45 1 -27 -47 -38 -42 -45 29 -5 -26 42 -22 4 -17 -16 13 -28 -20 24 -44 9 -12 -3 0 -14 -19 12 57 32 35 32 -27 -60
-61 -48 49 48 -42 30 -12 13 54 -45 17 -58 36 -15 0 37 -34 14 63 54 -4 1 56 63 -24 31 -24 -9 36 25 -41 -41 -39 15 37 24 53 5 -58 -55 3399 -56 29 1 -5 -32 47 37 61 59 8 -49 -50 19 1 37 59 -63 41 -24 -43 9 -39 -40 60 19 60 -59 63 9 -20 -2 -26 19 -52 -37 -27 -55 -44 23 -44 37 -7 -57 -31 43 -45 25 -24 -50 58 31 20 49 4 -31 6 -7 2 -13
25 23 -2 -54 -60 -17 -41 4 47 37 -29 -7 5 -1 -34 37 11 46 -29 -35 8 -41 -43 -46 28 -61 44 -42 -25 6 -2 -18 -58 10 -48 17 -2 59 -11 57 3 3066 15 21 -46 38 -6 -6 -6 -20 33 -2 -42 19 43 -59 4 -41 -31 -25 45 49 51 10 35 40 -17 9 -38 9 -39 -58 -27 54 -57 2 -42 37 15 -32 59 30 60 -43 33 -22 -16 -58 63 -12 -18 17 -58 26 32 43 -21 33 39 48
58 19 47 -5 54 -8 51 34 -53 50 -36 -1 54 -18 27 7 -35 -22 -50 48 30 13 -37 27 52 12 -61 61 51 21 -1 -45 28 -62 37 59 52 -55 58 36 4 47 2991 11 48 -17 -28 8 19 -46 -20 -21 -53 1 -20 28 29 0 15 60 -18 11 57 8 24 37 -33 -11 -8 59 -2 3 -12 43 -6 -58 -55 32 -9 18 -20 10 -14 -22 -53 27 33 -14 63 26 -6 45 -22 -5 -43 51 -26 0 0 32
-10 -46 -36 5 38 -32 50 -7 -5 -17 -14 49 41 41 -3 42 3 17 53 -52 -12 42 -13 34 -47 -57 12 4 -43 59 37 -62 0 -7 -19 59 -60 50 -17 -1 31 49 43 3343 45 -16 44 56 50 7 34 31 50 44 -26 56 40 57 -42 -10 -44 -16 -21 -22 -60 8 9 6 16 54 -39 57 -21 44 58 -49 -14 -53 22 42 -12 10 26 50 13 -54 57 27 -44 15 -26 -48 -19 -32 -25 54 -55 -58 -63 14
-19 42 22 25 -19 14 -16 -36 16 -44 -49 35 62 21 13 22 51 -41 -47 -1 16 -19 42 37 -60 -5 41 -48 -11 -31 -30 -52 -41 -8 -56 26 18 -12 -41 27 57 -49 -24 -45 3230 16 39 38 -17 -46 11 39 -8 -27 -49 -40 28 -37 -60 -20 10 -8 -9 0 -26 52 10 -59 34 -27 57 18 63 46 -18 -12 22 -51 -47 10 38 -23 -60 -31 1 -12 57 15 -46 -54 62 -52 35 18 -58 58 -49 35 -9 44
-63 -43 28 18 12 15 -24 -51 -33 10 44 56 -35 -13 -45 7 -3 4 13 -57 -32 55 32 58 59 37 -49 -43 -30 50 37 -15 -17 35 -63 56 40 59 -38 48 36 -13 27 -16 48 3343 11 -2 27 -21 40 62 -37 -58 -20 19 39 17 -46 -11 12 -4 36 63 8 27 34 -17 55 38 -57 -2 42 29 56 62 -36 31 60 56 -26 -21 38 8 -11 63 31 57 24 35 -56 14 -41 -58 2 -49 -59 -10 -5 -21
-8 -13 39 33 16 13 -36 -5 53 -49 49 53 -62 49 -33 -1 -4 26 53 30 26 20 -26 -32 -27 3 -55 -29 55 -42 62 45 -57 -18 -9 16 -46 48 25 -52 48 9 50 -2 -15 -41 3018 -54 -39 -5 35 63 23 8 30 -13 -8 -47 -4 -51 -45 -52 31 5 27 17 41 -49 -60 -30 -63 31 -36 5 1 39 18 -29 3 -36 17 48 -35 38 -44 17 32 30 -19 -6 30 -24 -30 -45 9 10 8 0 45 -21
27 -24 -33 51 -31 33 -33 -43 32 -57 -54 -10 -57 53 -48 -25 -14 41 -44 5 59 -11 45 27 11 -45 37 35 62 13 -15 -1 -25 -10 57 15 6 -21 5 52 -16 -32 -4 34 55 50 -26 3131 -18 60 -33 20 -6 -28 33 -36 -42 30 -39 0 8 53 -37 52 17 42 -41 9 48 26 45 -2 51 -9 31 56 60 -7 6 5 32 29 37 8 -41 20 -15 41 31 -9 -60 32 -50 33 -46 59 -30 16 -11 -63
-36 18 8 -6 -6 -60 -15 -36 -51 8 18 -55 63 13 -61 -26 31 0 13 16 37 8 -61 -52 19 40 51 -43 -4 29 16 33 35 -27 -56 -6 45 -25 -19 -3 -9 13 -23 50 -35 56 18 1 3057 -48 -30 39 -2 -24 -16 24 -9 -55 -34 -53 -34 53 -31 -27 62 -51 21 -37 18 -19 -55 -42 -20 -34 -27 18 -28 56 40 -10 50 -45 -38 20 32 28 31 -24 54 49 41 -11 -28 38 -38 16 0 51 25 6
-51 -46 -9 -17 -13 -3 -35 -57 30 18 -39 50 34 9 -37 5 -38 19 -30 -24 39 60 -22 53 -59 43 44 -14 -42 44 -9 -12 -38 -6 40 28 -14 27 33 55 49 52 47 -22 -55 29 -59 55 -39 3030 4 17 61 -19 -17 -4 19 -20 -61 40 -53 -8 -51 36 19 55 -57 -4 -20 19 3 -38 30 -2 -8 32 -2 -28 -10 -14 35 37 15 42 10 -11 6 -61 61 -7 -58 26 5 2 55 38 47 -55 -7 -6
-3 -20 -53 47 -62 55 55 35 54 -32 -56 10 30 60 -55 -60 54 50 -8 17 16 -45 25 -2 -56 -28 -51 20 -62 -42 33 -50 -32 -40 62 -59 -42 20 47 15 2 63 14 -34 9 13 48 58 12 46 3317 -5 50 -29 -34 -45 -15 -31 34 18 53 -11 -33 -5 -23 55 33 49 -18 53 -34 -56 15 -34 28 -36 2 36 3 57 -18 28 -10 29 38 1 -19 -27 -4 -23 -59 -44 -40 41 13 -47 11 22 50 28
-3 40 -4 1 37 63 63 -7 -1 -7 58 53 -36 -32 -1 36 -52 -17 -31 -51 -1 25 -62 23 -51 -33 -61 -21 -45 41 42 53 -49 -26 2 58 41 24 63 59 -43 -18 11 -16 -16 5 -36 -56 -35 -35 12 3516 44 56 30 37 23 -16 -45 48 -22 -41 -62 58 13 -46 31 60 28 -59 -29 50 51 -43 -27 -10 -28 -58 -63 -55 -15 -28 -2 -1 -45 61 -32 -44 21 34 -53 -42 23 43 40 -12 61 61 -62 30
25 -47 -22 -6 39 -24 -10 33 10 5 -35 -8 -4 11 5 -11 -35 -58 5 6 1 40 -9 -39 58 -28 14 55 63 -26 21 -61 -37 -15 20 58 24 -49 39 24 -46 -40 -33 46 -51 -58 38 27 -46 31 9 41 2948 30 -34 7 -45 -26 28 -28 -47 -13 -2 -40 51 9 24 38 -53 30 28 -53 -56 -8 -19 -42 14 -14 38 6 -44 -63 -28 55 -42 15 -62 -10 -8 -57 -5 -23 11 -7 29 -39 21 38 45 0
-34 -42 54 -9 19 -48 43 -34 -57 -36 5 22 32 -48 7 54 -2 -16 33 10 -30 -60 -53 61 -28 -5 -45 11 13 3 4 17 -49 -31 19 39 -9 -11 60 -55 -37 55 -1 -9 20 28 -28 56 21 34 56 -13 -31 3124 43 -24 42 -29 55 1 -61 6 -54 51 -11 23 11 48 -44 41 58 30 8 42 12 35 36 34 -27 -37 32 -11 -2 44 -30 -17 53 -8 13 11 33 27 -6 -63 39 -54 5 60 50 51
36 -40 63 -8 -21 -62 -33 -35 -28 10 -14 -55 1 33 36 -3 -16 -10 1 12 21 56 33 1 21 -14 -60 -59 15 0 -37 30 1 28 -34 -8 -7 -7 -24 53 1 39 -18 55 -9 -52 26 -8 47 -48 32 -52 39 26 2838 43 15 4 62 31 -2 -2 16 41 28 58 40 -50 7 53 -44 10 -56 -5 55 -23 26 7 10 -2 -29 22 32 -19 5 -49 -37 -36 3 12 54 -29 27 62 28 -36 -56 35 41 50
-61 -52 9 2 28 49 43 43 -30 -46 -37 57 -24 17 12 48 -53 -33 -29 33 34 -50 -60 34 11 52 4 7 -20 -11 -22 -17 56 -7 44 18 3 33 32 -40 32 19 48 34 54 51 -21 -29 -15 61 32 -43 63 54 -3 3349 -51 -63 7 -57 19 -8 -17 -42 -49 -23 29 -4 26 -47 -23 -42 4 35 -23 -4 -26 29 61 -35 -49 -52 -45 30 -56 -31 -14 34 59 45 35 6 -32 33 55 -58 -56 50 -9 -53
28 -17 -42 22 22 -60 31 -42 39 24 3 4 20 -40 -13 -16 -62 18 48 -58 17 51 17 -6 17 20 -63 41 -60 -41 19 -41 -31 -39 49 23 60 32 42 11 -55 28 54 -54 -50 25 55 8 -44 61 -60 46 -30 -10 -57 35 3432 27 3 -9 61 -57 4 -58 -40 22 -60 -29 58 -43 29 -59 51 -51 -51 42 -26 53 16 -15 60 1 46 42 28 5 -14 -47 47 48 -13 52 12 -37 25 6 18 -37 -49 15
44 -26 -58 -12 -20 -7 57 46 32 60 45 2 -37 39 -13 23 13 -35 2 26 38 -6 0 -18 -29 -36 -32 -41 58 7 20 61 14 -58 47 -38 21 28 -22 -20 30 43 -8 -36 38 38 14 -36 -35 -28 32 -25 25 -55 23 62 -47 3135 31 62 21 40 -50 28 53 -46 33 1 -20 -34 -54 3 -34 -21 21 -17 50 31 -5 -20 15 -17 47 -25 -45 25 32 -48 -63 -40 -36 19 8 -11 50 -25 -45 -45 30 -62
-53 16 62 33 55 -48 -24 -11 49 -31 45 -55 5 60 -46 24 59 21 0 -46 -7 -3 -44 -13 15 -45 -10 -31 -10 1 -26 62 38 50 42 -1 -31 26 13 -13 -16 -25 23 -3 -7 -6 -28 -59 -41 18 23 4 30 -31 4 -51 -58 -46 3043 -34 9 -5 -15 -24 17 -15 -21 -30 -22 -9 -33 61 -43 -43 37 33 4 61 -2 1 -60 16 -62 51 47 -26 37 -40 -29 44 -42 58 -46 -46 -9 -8 55 34 -35 26
-63 0 -13 -13 -26 -1 -62 -38 26 12 -10 47 62 61 -40 52 7 -37 41 25 56 -50 -61 -30 -14 -4 -20 -8 -28 -53 -43 6 46 56 28 -4 -59 -28 -46 -42 11 -43 -36 -3 30 -13 45 -20 -36 -5 -61 -31 53 -56 52 -54 -24 -30 -2 3234 -4 23 36 13 -41 19 -25 17 43 43 53 -46 4 -13 -4 -28 -41 54 20 -56 -63 -18 -38 -52 -27 -36 -53 -12 13 -45 24 -34 1 -27 28 36 60 -22 30 51
-11 45 -52 21 12 47 -31 39 -8 56 -41 -60 38 -59 25 -62 -19 -11 31 -18 25 14 -31 -49 16 58 5 -50 60 8 -57 49 20 -19 -19 -11 8 60 -49 -36 44 -42 62 -26 -42 -2 -28 -9 16 44 -53 -45 28 61 59 -59 -27 -53 37 21 3490 32 35 39 26 22 -17 -47 54 59 -58 -35 60 25 16 -62 -8 6 -38 -19 45 -57 -32 -56 6 -10 -57 -61 -45 -11 63 21 -54 -43 49 -7 52 5 35 19
53 54 3 -44 12 54 11 -10 15 49 -41 -16 62 50 -17 -2 32 58 -35 25 -52 -58 19 -15 -35 49 43 -37 43 62 -41 53 -4 38 0 55 26 15 -19 45 -6 -58 -13 24 -37 14 2 53 16 -9 21 -29 -34 -14 -39 -37 22 47 6 -53 -30 3139 -44 59 -33 -18 -15 -55 3 48 -19 32 -11 -17 1 -54 53 32 32 54 -39 6 -61 6 50 -33 -56 14 31 51 -12 18 -37 7 -34 53 13 -33 -57 20
-2 -44 62 16 22 -54 18 53 27 -34 -49 -39 -40 45 -12 56 16 26 17 -42 -3 13 -29 -54 49 0 55 63 19 49 46 -11 -34 -33 20 -51 -48 -37 -15 -40 -8 -25 11 -4 -56 31 -12 -8 -41 -32 -26 6 16 -5 -4 -46 30 20 29 0 -38 17 2841 15 19 -30 25 47 -13 23 38 -6 -45 7 -46 15 61 -7 -54 17 5 24 -18 -1 21 37 38 -38 -9 38 -53 44 36 15 18 -43 40 26 -10 34
41 -36 -10 47 -51 54 25 12 44 -60 55 27 52 -44 -48 46 38 31 3 -36 42 -58 -14 4 19 43 20 3 -57 -14 -48 21 -6 -12 -32 -39 38 27 -42 -6 -29 -11 60 -7 26 -43 47 14 56 -20 -15 31 -57 43 -57 -44 34 -44 51 35 48 -2 -59 3088 -54 23 31 34 55 4 -10 -23 9 -16 20 -38 8 4 42 33 28 -10 8 54 -12 61 -10 -13 42 -35 -56 12 -57 -1 -13 8 -43 -25 43 5
-6 -19 -26 -7 39 2 52 57 -20 -6 -38 -6 -1 23 31 -2 -9 15 40 -59 -33 12 -24 -34 3 -29 -14 41 56 -13 57 -58 -2 -2 12 -46 30 -28 -48 -31 -49 -7 -42 52 -23 20 -56 35 48 -34 3 58 -48 18 -28 6 -2 -62 -41 16 -20 52 57 -12 3061 13 -51 42 44 59 -41 -31 -41 -14 47 -6 -62 29 -47 26 28 20 40 -49 -22 9 -56 62 -20 -30 49 -21 -63 20 -42 -19 35 25 6 -58
-20 26 -13 27 -58 -2 -10 1 -56 -49 -60 38 -44 -55 53 11 -11 -7 -34 13 27 52 15 -11 -25 -29 -9 -40 -9 -50 20 -16 -44 0 11 57 -7 -26 51 8 24 51 -27 -41 10 60 -61 3 20 -43 41 -61 -8 -41 -10 -11 -22 -31 -62 43 -18 5 -49 4 51 3051 -61 52 -22 28 -17 -34 46 61 55 4 18 -33 -26 -42 -54 -2 -20 -4 9 17 -19 61 47 56 21 37 40 -62 8 -24 59 -19 -8 -48
45 -63 40 -38 -34 -48 -6 -41 -41 -54 49 47 -16 63 34 36 -12 -38 -14 46 -3 0 12 -43 -30 51 16 14 -10 13 -58 26 -10 29 -31 -29 -40 53 36 -63 -31 -60 49 -55 62 -46 6 -17 -9 -47 3 51 -17 57 0 16 -17 56 50 -13 -56 -31 4 -17 17 42 3178 -24 41 39 -18 0 -42 61 -16 -28 -52 -41 11 -32 -19 -59 24 -62 2 -42 4 -2 -61 -40 54 34 -13 3 -59 -10 -23 11 48 -24
59 -53 -55 30 -11 -41 -14 -44 5 -32 -29 -61 -49 45 37 -35 13 45 -24 12 -19 -58 -33 48 22 -6 -42 34 2 14 47 -22 -44 48 -30 -12 28 -38 56 -14 56 -24 -7 49 48 49 27 19 -61 8 55 -7 23 -29 -21 -63 44 53 -60 52 -1 47 -1 4 19 -42 34 3287 -60 59 -62 39 14 -42 -8 17 63 33 -25 1 50 25 59 -51 8 58 23 0 10 20 -43 55 28 21 8 -40 -10 33 49 24
-1 31 6 -24 9 -1 -60 20 -54 -5 -17 -50 -56 -2 -9 -37 35 6 25 41 -30 -32 12 2 52 19 48 17 -41 -22 -15 15 0 -45 -5 50 10 35 -2 55 52 -26 24 42 -55 -62 41 -58 -26 40 38 2 -61 -49 39 56 60 41 -36 -23 -22 -16 -3 15 19 -47 19 21 3133 -19 2 -59 6 56 -59 -41 -38 -36 -49 -9 -21 51 -20 -36 21 1 34 -54 -57 2 -25 36 63 -33 50 -22 33 63 58 38
-23 -12 -22 -47 -36 -11 -49 30 -8 46 31 42 -22 -30 23 21 32 6 52 -15 -1 -12 45 21 -57 -48 36 61 45 -16 -37 10 -44 61 10 61 -14 -57 15 -41 1 8 15 -30 52 28 -49 24 7 -41 -49 54 49 4 6 23 -57 -55 37 -11 -38 -30 -38 -15 -35 55 -13 57 33 3380 -37 -27 41 36 -50 -17 57 -8 52 -38 -58 -39 34 -18 -62 -32 -62 21 -27 57 -59 -57 -30 62 23 23 47 62 -13 59
-36 60 2 54 6 40 -56 -18 3 51 -22 -34 55 -33 24 54 49 -29 47 1 35 -2 -54 53 31 -35 -13 -60 -42 26 17 12 49 24 -47 -57 6 40 34 -57 56 60 9 48 18 37 -40 -6 32 21 25 -33 -33 -31 60 15 6 62 -59 -53 49 -2 19 58 -50 -10 16 28 -13 34 3313 47 28 42 42 -20 -25 -41 -59 -13 -58 41 -58 57 -48 21 -34 -18 38 17 -30 13 4 10 -7 37 -7 -31 3 -53
-10 1 -51 38 13 -63 -31 55 38 8 -4 34 -9 -1 -8 43 12 60 43 56 45 48 28 -10 -23 -54 1 -10 22 12 -21 -15 16 27 23 -6 5 -14 58 -60 24 60 -38 -39 39 33 -19 -39 4 -29 -32 34 -28 33 -63 -3 -39 52 35 32 37 -38 4 57 33 52 58 -62 27 -40 -60 3065 -29 -32 -10 49 -27 -57 -32 -14 6 1 -16 41 46 23 25 39 40 47 20 -23 -61 -40 7 -37 -27 -6 12 -30
2 60 4 35 9 -51 33 19 -41 -45 7 53 57 -3 15 23 13 -17 -22 4 6 9 -58 -38 35 62 39 25 -14 8 27 11 8 19 -1 23 -22 -54 -21 50 -60 -42 20 -21 36 38 41 3 28 52 -10 47 -1 -3 -28 -49 29 -12 21 -60 59 -28 51 57 23 -4 51 12 61 7 31 15 2889 10 54 -24 40 57 -22 -49 22 28 -6 -47 -5 51 -40 -19 31 9 -2 51 16 1 -34 54 55 -60 28 -16
26 35 -60 -13 51 -42 24 13 1 -31 53 42 -50 9 46 29 61 -63 -58 37 53 57 10 -46 28 62 -36 23 10 -30 49 60 -12 40 27 -9 -52 -49 -33 -56 -54 46 47 15 51 10 -54 -44 -24 34 15 53 6 -15 -35 15 -26 -26 47 57 -49 -5 -25 -7 22 11 37 -3 14 49 45 17 -11 3550 51 -61 -43 -40 -4 -62 -10 -57 -47 39 -42 -60 23 -19 -48 47 20 -52 -32 -32 42 53 45 46 28 54
-52 -21 34 -19 -42 49 -34 -38 -37 -38 -12 60 63 4 -29 -49 4 -14 -43 -12 26 60 1 -57 51 12 -23 17 62 -33 -8 30 -15 18 -40 -18 23 43 3 48 8 34 -38 42 -8 30 -37 -48 13 -22 47 61 -33 28 42 -19 -36 39 8 53 43 -41 -22 -5 10 -23 -28 47 -59 -40 52 -13 63 -17 3213 -5 49 -59 10 21 7 -59 57 -21 22 -54 0 -47 8 7 -19 -39 50 59 -31 -31 58 -31 -38 -36
-61 -24 -63 23 -3 42 3 41 -42 20 -3 -37 38 -57 5 42 18 43 45 -50 4 43 -10 60 -18 31 9 46 -59 19 -57 39 -46 -8 49 -32 -40 -22 5 62 45 19 -4 36 58 -29 30 57 3 19 27 13 52 63 -1 47 -44 -1 -55 17 6 -56 53 -45 14 16 -50 -37 6 -15 -13 -50 -34 54 12 3189 47 53 12 -35 -13 -62 -19 2 28 28 -33 11 54 -58 -62 -2 -8 -14 44 42 -13 39 21 -29
-40 44 -30 -9 -25 -34 -18 -40 12 7 -43 -23 -54 -32 2 -17 -37 -57 -23 53 -60 -56 -44 58 48 48 45 9 -44 27 -57 30 57 56 -29 -25 35 -44 31 -55 -12 -50 -9 59 -55 6 -9 -34 42 -19 -19 32 6 -56 26 -43 -31 -48 55 -45 -29 58 -36 0 52 -39 4 -43 -52 -47 -39 -52 39 42 -16 63 3548 53 34 41 -31 -19 53 -54 -30 -13 -21 40 -42 -58 -58 -7 44 61 11 -58 -20 2 -49 5
-11 -8 14 -29 2 -21 55 -18 30 -35 26 -11 -14 -50 11 60 28 -29 -39 -34 -5 54 -51 -9 25 -54 -57 -5 33 -47 -56 -57 14 -37 -15 -36 -5 7 -61 -56 -58 -39 44 48 -20 -58 47 13 -47 30 51 -24 -43 -16 63 -40 -17 -18 58 -11 49 16 -16 -9 -28 -13 -18 -49 37 37 2 -36 58 -18 -27 26 -8 3092 -28 -33 -6 21 6 6 4 -17 13 47 -48 40 -45 -40 21 53 -57 -3 31 41 46 34
50 23 -31 -57 12 -48 13 57 -33 33 -30 -33 -17 39 21 -59 -55 -38 31 31 54 -30 51 16 -32 -27 -61 -50 -61 -47 22 8 -20 -39 -56 46 38 28 39 -30 2 -53 -30 -57 -31 29 -25 -7 -6 4 -35 -44 -3 -18 62 -38 -60 -22 -37 -24 46 42 -56 -3 58 19 27 -58 -47 -32 -12 53 -31 18 23 -34 -34 44 3438 -55 14 -19 38 5 -38 14 19 58 11 -63 1 -40 31 -31 30 -53 33 28 59 -52
44 16 -17 32 21 9 49 -11 -47 -8 2 34 23 63 -35 -6 -35 -17 11 5 33 14 33 53 45 11 51 7 63 -10 5 11 57 16 -48 -37 -43 -21 -37 -21 -1 11 -1 -63 -61 -45 -39 3 -13 41 58 -40 8 38 37 37 -51 46 -36 19 -46 -52 -47 -36 -45 46 11 -23 -12 32 59 41 11 -30 31 44 -38 42 -15 3064 -26 -62 -11 29 -29 5 -12 -40 -50 58 40 27 47 -8 -13 32 48 37 -48 27
-31 60 -10 37 -13 -30 19 57 -61 -11 -8 -48 -37 40 -57 12 -20 -41 -20 7 -37 10 -25 27 -52 0 58 -56 -28 27 10 14 37 0 43 -30 17 -36 -58 5 -2 14 59 -15 -46 59 -5 38 -3 -16 -20 -3 -2 -27 30 -41 54 21 -11 -51 -34 37 -30 43 -23 -40 -11 -19 26 13 -36 -3 42 -3 7 -29 40 -61 23 58 2887 -43 -50 12 26 -1 20 -31 27 19 -21 53 -24 63 58 37 -19 -36 -20 -31
34 32 58 -40 1 -11 32 48 24 -13 -34 -28 38 49 -26 20 -15 -7 -53 21 -62 5 -32 23 42 -42 53 -1 17 -47 34 -30 21 43 -1 24 -40 -42 -54 -12 54 -19 -53 7 -6 -31 6 3 28 -34 -3 29 12 31 21 14 40 62 44 2 -48 37 39 35 63 46 5 14 32 41 -62 -45 -13 61 26 -39 -47 -22 -4 -48 22 3217 36 -15 -4 -61 -58 -56 63 60 56 -54 63 -9 8 -28 -58 25 -28 -41
-25 40 -62 -4 28 -35 -63 -41 14 -2 16 -3 49 49 -10 -49 44 -3 43 -7 45 -2 45 55 18 13 -54 -21 42 -59 -19 -41 -41 52 1 46 -37 48 -17 -53 51 -4 9 29 30 -43 -29 -57 -43 7 -7 -26 6 31 26 -1 24 -35 -15 17 -52 -10 47 -60 52 -34 49 50 51 8 21 -52 -36 -19 38 -54 -22 -55 23 48 -55 -57 3241 -34 62 37 -52 26 58 6 -3 55 -29 -32 -8 27 -30 -32 2 -36
8 33 -35 59 -62 9 39 44 -5 54 -4 49 -8 -51 13 58 38 4 -54 -45 0 -43 -23 -52 7 31 -52 43 -35 33 29 13 21 36 42 -54 55 48 -60 -7 23 50 54 60 -19 -42 39 -28 -25 25 -40 61 11 -63 43 -56 42 62 -19 9 62 53 40 51 -12 38 32 -16 48 -13 49 -18 -35 57 39 14 -47 -51 -44 -51 9 48 -10 3623 27 -16 56 49 26 50 -36 25 61 -36 -58 -57 25 40 28 -11
54 10 34 -39 -54 58 -20 48 -25 -59 50 -13 -18 0 -33 -12 11 48 0 28 1 -35 -45 11 42 -1 21 -52 -41 22 57 -20 -12 -36 -60 17 52 11 -36 -7 14 1 -31 -28 -41 42 12 -26 -48 0 -19 35 -27 12 -55 -39 -13 54 47 -43 -39 -55 -52 50 45 -5 61 -5 -46 -16 12 8 -61 -19 -10 51 -35 62 48 -44 -3 5 -25 -13 3040 -6 -15 -51 32 -58 44 -2 40 5 -25 -13 -61 36 55 7
49 24 -49 -52 27 35 6 7 -8 54 60 -51 -62 22 -48 -62 8 -51 57 -9 -38 28 29 -16 44 -4 -41 35 48 -59 -47 47 -63 32 47 -3 -51 -23 34 13 -4 -5 -36 46 -24 50 8 -49 31 20 -51 57 -33 -43 16 -32 35 -54 38 8 16 -16 39 -3 -57 15 -8 35 37 45 -41 0 22 -35 -11 32 -42 6 -20 -22 -27 -49 19 62 14 3180 16 15 44 -9 27 45 21 -23 -43 4 -25 -39 44 14
18 16 44 39 -44 27 46 24 14 -23 -47 -19 41 -25 46 -2 -30 52 35 -52 63 -7 55 -16 17 31 -17 -27 35 -35 14 -37 25 -38 38 -42 26 -31 -26 -41 48 -32 12 61 27 50 -2 59 -17 -18 -52 -20 50 48 56 -12 -16 43 6 -54 -42 -24 26 -12 -32 -1 -58 -22 45 -59 55 -26 -10 26 -21 -50 -58 -14 28 6 -26 46 9 -41 53 -22 3242 45 58 -44 40 -19 56 48 8 15 36 33 6 -48
44 -54 -5 33 54 -10 58 27 13 -43 -32 57 22 -18 -44 -4 -41 -34 14 -37 21 11 -33 16 -34 -37 -50 44 -61 14 -31 -3 18 -34 -58 42 -28 -7 -62 49 52 -13 -36 -3 -23 -50 35 -38 -1 48 10 6 -62 -16 46 5 54 -10 28 27 50 61 -54 -11 53 -36 -26 -12 13 -38 -61 36 -38 -45 -32 -59 -29 31 -22 -7 -13 -12 57 5 27 -52 25 3166 15 -1 -32 -13 7 -41 49 -56 -54 11 -24 58
-35 -9 -2 23 -8 -25 -11 -49 38 -36 21 -19 -44 36 8 -5 26 21 28 -34 15 -35 -62 26 -16 41 4 15 -34 30 20 4 25 -35 47 55 -29 11 -28 39 -16 43 17 -39 30 42 26 -41 -43 -18 49 30 59 -29 38 -61 57 50 41 -14 -34 52 -18 40 37 -59 13 63 -48 11 46 38 27 -30 -61 -24 44 -38 -45 -45 -6 37 -51 -25 -13 -46 47 -22 3187 29 7 35 15 -41 52 -59 -1 17 -53 -12
-54 28 20 -16 27 -3 12 -43 50 -11 -48 -12 -41 52 -31 -58 -13 -43 56 -40 39 60 -4 -28 22 -3 -27 -56 -62 -43 24 41 60 -33 15 -15 4 41 -52 -29 -62 39 -23 14 -43 -61 -38 -48 -45 3 -37 36 -17 19 -26 -4 -14 10 53 -22 35 -54 32 59 -18 -30 -41 -25 2 61 -34 -29 -56 10 54 -63 -9 32 34 43 6 -31 -20 46 -34 -50 28 -59 -4 3234 28 46 -8 -39 10 20 0 30 -34 -38
-33 60 22 51 13 34 9 -12 -32 -50 31 8 -34 -34 -4 37 -54 -58 -12 31 -18 -1 -57 -26 43 22 -6 43 -15 -5 -45 27 -1 -41 -55 60 55 -31 -16 -33 -53 -13 49 34 6 -41 -39 1 40 0 60 -4 -39 -56 34 45 -53 -62 14 1 26 -55 32 -52 -25 -26 -61 -12 -56 33 50 5 15 -23 54 -63 7 17 9 9 7 46 -60 -43 45 58 -41 -18 -4 -55 3255 37 50 -58 -18 -42 49 -14 -48 -39
26 45 -39 52 36 47 8 55 -60 -62 -44 -51 20 45 -48 50 52 -43 -57 -37 1 -60 15 47 -51 26 30 -13 25 46 52 -6 -23 57 35 8 25 -10 -4 -25 -3 9 57 43 21 6 38 37 23 2 19 -10 56 -11 37 -56 -43 -34 -48 36 -12 -7 53 -16 -55 -26 16 -27 27 22 -30 59 -48 -14 -10 -51 -18 -17 8 -49 -39 25 23 10 30 -50 54 30 23 18 -34 3262 51 -33 15 -32 42 -63 -38 -2
-14 23 9 44 50 -12 3 39 31 -56 48 -39 -41 -35 -20 48 -56 -22 -50 -14 56 36 -33 -45 -27 22 -4 -7 -37 -63 -10 -45 2 41 57 62 -6 -12 21 -4 -60 30 -39 -6 -51 -5 -28 -50 -25 18 -15 14 58 -19 38 -47 49 3 52 -6 4 -52 21 44 -51 45 56 0 -41 -63 29 -38 18 43 52 -11 -46 15 15 17 -52 59 37 -58 -3 51 -61 -21 -32 51 -24 44 3308 50 39 34 -17 43 -55 15
-43 21 -55 24 -32 -42 -11 26 -38 31 57 -6 -31 5 -24 -3 56 41 -2 31 -47 -29 -56 -29 48 49 -42 22 32 -37 38 19 -36 27 -1 -35 27 45 -59 -60 51 31 -20 -50 44 58 54 34 3 -20 -31 58 2 -7 -5 1 -47 -15 4 55 53 29 11 62 48 -27 -26 27 -47 -17 -49 -39 10 -19 -23 34 -47 -43 7 45 -47 5 44 -45 14 9 42 -14 38 7 -40 0 32 3074 44 -45 -14 -14 -34 14
40 5 52 -52 -28 -44 49 -40 12 -7 -51 37 -19 -22 -32 -52 40 -46 -8 47 37 -12 43 54 -20 -63 59 28 28 47 4 -62 -28 4 24 28 36 9 0 27 57 -10 -8 29 4 -3 55 -42 37 63 1 61 31 35 26 -19 -62 -62 -27 -15 9 -13 49 9 -28 45 22 -43 11 48 -51 -27 -47 -55 -13 49 27 11 40 -21 -16 -24 -31 46 -63 -17 -5 2 -26 23 -44 54 -21 2 3072 7 35 -18 -58 13
50 -39 -51 -8 -29 24 38 12 20 -49 -26 -43 19 15 46 30 20 26 -34 32 57 -1 43 -35 -45 12 48 40 59 -32 60 -24 18 -3 -17 -25 30 58 -12 -27 45 -18 -33 36 52 36 -6 54 -3 -40 18 62 56 -28 15 -32 43 44 -32 39 -33 -57 9 19 -3 3 -33 13 -49 46 60 -5 1 -7 62 58 21 -61 -44 44 61 -60 32 30 -4 -37 27 -58 62 -21 -46 8 -35 21 57 3309 33 62 5 19
-37 33 -38 30 5 -16 -20 -60 19 49 -59 63 -14 -26 -49 -48 56 38 -23 37 48 59 11 29 33 -23 -42 -42 12 -19 5 -18 -59 -22 37 41 11 57 9 53 39 -29 -43 62 20 51 32 43 62 54 13 28 0 -3 -51 4 51 9 -30 6 35 58 62 -35 41 14 -16 0 -61 46 -11 -44 -23 -8 4 1 -8 14 -47 -39 -6 34 27 -40 9 -4 18 38 55 -19 -34 59 41 60 -50 -19 3211 61 11 21
52 14 -52 46 8 58 -44 -19 -47 -63 -36 -53 -11 51 30 15 5 -15 22 57 -19 52 -58 -30 62 -10 10 -9 -16 -44 -62 -24 -56 7 -30 33 -45 34 59 -13 41 5 -9 62 -44 -39 32 6 7 -3 -51 61 46 45 19 -17 -34 -41 7 31 26 -39 -38 1 60 51 -51 -45 50 -45 51 15 -20 0 19 63 -43 51 39 14 -1 50 -26 1 -11 -47 58 -26 -35 56 21 -41 -44 3 23 -10 51 3316 -39 55
44 26 45 -51 -34 -61 -33 35 -40 12 52 2 58 12 -48 30 -44 -60 42 -42 -15 -30 -62 -39 -58 47 58 -21 36 40 18 14 -29 -11 23 61 31 -55 -60 14 -45 -39 -59 -54 -32 -15 51 -6 -6 -40 -47 -38 39 6 -46 46 55 -19 -2 11 -24 -63 -63 -30 19 10 -36 5 45 -5 -24 -20 -35 60 -46 -38 -12 54 -12 -59 51 10 21 24 -20 -59 -54 44 12 -13 25 18 45 42 -27 11 23 43 3430 -48
-30 46 45 -6 35 5 -48 49 -40 26 52 -3 -24 4 -35 -59 6 38 -21 -13 -62 37 63 -58 5 28 63 45 -27 -37 10 -42 -14 36 49 60 -10 45 50 -34 -58 -54 -48 -20 26 26 7 30 24 35 48 -17 -13 20 32 -8 -40 54 -53 55 12 -63 53 -34 -17 9 -50 7 59 -37 -27 -11 -41 -36 -32 39 -21 -50 -15 -17 33 29 -46 -40 -41 -4 -25 6 -20 9 60 -27 60 53 59 54 -59 -11 24 3327

MEMB
-6
-32
-47
28
-1
-44
57
17
21
-51
-14
15
-2
-28
-61
50
62
-58
58
-37
-28
11
9
60
62
60
-11
61
60
-19
-28
-7
-48
58
-35
4
14
35
-19
-43
-16
-16
-33
-31
-28
49
52
-48
26
4
62
-20
61
37
-32
19
-8
5
50
-35
-4
-30
61
-62
-4
21
-23
-24
49
35
-56
-18
-16
60
8
-45
-26
44
17
-51
-12
-8
19
59
-44
38
41
8
-21
-21
-61
9
5
48
-16
-44
-42
-58
-44
14

MEMX
-17
29
-45
33
36
-28
58
-31
-12
-23
1
16
-13
14
-46
-40
-37
-49
13
6
51
-13
-15
-61
51
32
-1
-2
-46
-48
-11
-50
44
-58
-46
0
56
-60
61
17
-38
-29
-24
-48
-39
-33
19
-39
-25
-58
-16
-59
13
-44
2
23
-63
-23
46
-37
0
-32
35
4
41
57
-57
-24
-11
-28
-41
-9
60
8
-25
11
4
45
-21
-24
-28
34
-17
-55
-51
-22
58
30
-61
40
-5
-47
15
-47
48
30
2
7
-18
2
MEMC
-47398
82897
-123521
138844
125880
-72990
196544
-125454
-22666
-77228
14648
55247
-53371
24149
-159597
-116719
-131648
-165816
43084
2224
117782
-31114
-41842
-214932
142030
97678
-9979
-8286
-150514
-130931
-48546
-147304
141865
-219232
-130938
-3909
190031
-196901
168426
53661
-150535
-98968
-53788
-182862
-117074
-116635
65748
-133721
-64549
-188463
-57681
-201231
47625
-147992
1025
81981
-191580
-65575
145321
-100722
8642
-124448
92209
-9190
118579
186109
-182945
-96550
-23448
-96909
-155899
-28025
178460
33946
-89886
17629
44594
155369
-41109
-58138
-92990
102221
-82062
-217219
-160446
-80659
187272
108225
-190385
151607
8982
-166034
74215
-146506
144574
68762
-10260
48249
-52089
13737