MEMA
1850.000000 -5.095095 4.025025 10.839840 -0.415415 15.058058 12.094094 6.874875 -5.108108 12.075075 10.269269 0.916917 14.325325 14.504504 -14.624624 -4.522522 13.786787 -14.477477 14.012012 9.985986
-9.069069 1600.000000 16.035034 4.414414 5.187187 10.623624 8.578579 6.946947 12.064064 16.084084 0.607608 8.002002 4.761762 6.130130 -3.555556 -13.445445 -11.475475 -9.069069 2.693694 -8.133133
-14.458459 0.798799 1350.000000 -9.441442 -10.564565 -2.774775 10.161161 -7.460461 1.557558 -2.302302 -14.066066 1.739740 2.514514 1.216216 8.044044 9.940941 -8.842843 6.628629 11.729730 6.057057
10.051051 5.931932 6.350350 1680.000000 -5.555555 15.037037 3.574574 -6.715716 -13.010010 -8.658659 -10.036036 5.620621 -2.399399 -4.170170 -14.016016 -5.449450 -14.891891 -10.179179 -12.552552 -11.081081
-5.484485 -15.105105 -4.558558 -7.216216 1310.000000 1.720721 -3.656657 16.668669 3.313313 -1.290290 -0.447447 1.249249 5.507507 13.426427 -5.419419 15.810811 4.981982 -11.138138 0.695696 14.987988
-14.302302 -13.271272 5.175175 -4.677678 0.902903 1550.000000 -3.825826 -0.838839 -14.858859 16.292292 -15.364365 -12.588589 -7.523523 -11.334334 -8.323323 12.692693 -7.259259 -0.790791 -5.734735 -7.202202
14.051051 12.277277 2.420420 8.001001 -7.002002 -2.521522 1530.000000 -4.286286 -10.448448 10.673674 9.212213 -4.351351 -3.107107 14.165165 10.922923 15.786787 3.207207 -9.377378 0.594595 16.281281
-5.139139 3.261261 0.454454 0.035035 0.380380 2.390390 2.706707 1320.000000 -4.128128 14.863864 12.068069 14.156157 0.893894 -8.237237 -1.567568 1.816817 -11.391392 16.428429 14.880881 11.518518
4.856857 -15.839840 -1.746747 3.280280 -11.256256 13.340341 -0.473473 -0.149149 1400.000000 10.451451 0.403403 -14.973974 8.317317 9.579579 -2.245245 15.235235 -4.505506 4.069069 4.323323 -8.087087
12.816817 5.289289 -8.666667 1.792793 12.088088 -2.572572 11.810811 16.627628 -2.845846 1610.000000 5.454454 -9.318318 14.327328 -5.561562 15.874875 0.316316 16.544544 -9.427427 -6.967968 -12.021021
-4.111111 11.122122 10.089089 1.339339 8.284285 -3.279279 1.912913 -2.118118 -6.991992 -10.869870 1410.000000 7.298298 -5.171171 -6.284284 1.771772 -15.614614 2.605606 8.554555 14.505506 13.584584
12.170170 3.884885 -6.079079 1.085085 -13.486486 12.845846 -7.743744 7.617618 -6.885886 -13.992993 10.410411 1380.000000 -5.390390 -2.968969 -8.139139 -10.014014 -0.935936 -7.216216 2.430430 -12.331331
13.238238 3.226226 14.713714 -0.313313 13.092093 4.400401 11.614614 -0.166166 -1.855856 -10.948949 -8.210210 12.269269 1380.000000 -4.208208 1.046046 -11.364365 -6.503503 -4.650651 2.103103 6.069069
16.796797 8.012012 1.956957 -12.392392 9.021021 -10.000000 -13.143143 -0.241241 6.480481 -5.905906 -14.266266 0.717718 16.025024 1540.000000 8.895896 -4.421422 -3.689690 -2.977978 -13.980981 -3.136136
-3.275275 -14.148149 7.861862 -7.716717 12.190190 3.791792 11.717718 6.867868 14.079079 13.738739 2.245245 2.181181 10.660661 0.378378 1530.000000 -5.041041 6.908909 -3.526526 16.737738 6.673674
12.284285 -2.000000 0.776777 -3.229229 -0.865866 -5.342342 -2.714715 14.296296 -6.881882 -2.112112 -14.529530 -0.972973 1.496496 -2.282282 9.046046 1120.000000 -6.504505 -7.053053 7.749750 -12.663664
-0.612613 -6.772773 -4.364364 -4.709710 -15.100101 6.326326 -11.439440 -1.920921 -6.019019 7.525526 -14.712712 12.372373 -13.050050 2.876877 -4.966967 10.400400 1410.000000 -13.576576 -10.501501 2.385385
8.070070 1.528529 1.775776 6.300300 -12.071071 8.029029 -12.209209 8.448448 6.672673 -5.055055 0.682683 2.024024 4.078078 7.658659 -1.442442 10.355355 4.035035 1130.000000 0.035035 -14.845846
13.874875 -1.150150 6.419419 11.322322 -11.920921 8.123123 11.308309 -13.002002 -11.391392 3.284284 8.478478 -2.378378 1.647648 3.498498 -9.132133 -4.917918 2.221221 -15.203203 1470.000000 0.730731
-11.116117 9.696696 -1.020020 0.938939 -10.473474 -15.706707 7.812813 -0.438438 -9.891891 7.361362 -14.291291 -13.599600 -15.854855 -3.630631 10.569570 -9.187187 -3.604605 14.164165 -9.075075 1710.000000
MEMB
16.131130
14.018018
-7.907908
-2.198198
-11.342342
0.378378
4.004004
16.601603
-2.705706
11.854855
12.780781
-14.990991
-2.781782
5.339339
8.031031
8.912913
-12.162162
-0.973974
0.732733
6.321321
MEMX
-14.911912
-4.390390
11.703704
8.454454
-8.518518
10.629630
7.098098
-3.437438
14.151151
-10.351352
3.338338
-15.190190
0.688689
4.826827
-10.068069
-6.451451
5.432433
-10.224224
-9.032032
0.106106
MEMC
-27023.308594
-6513.342285
15704.400391
14434.007813
-10993.297852
16459.244141
10542.786133
-5213.247559
20041.773438
-16881.375000
4513.198730
-20796.591797
836.270630
6970.850586
-15274.193359
-7780.933594
7550.576660
-11408.099609
-12816.716797
64.525848