MEMA
3720.000000 6.690691 6.678679 7.079079 4.382382 1.760761 5.353354 1.800801 -8.847848 3.910911 -6.286286 12.119119 -9.500501 12.663664 14.782783 -2.609610 6.680681 -8.945946 6.054054 -7.066066 13.131131 -6.196196 -6.934935 -7.381382 -2.812813 4.465466 8.077077 0.137137 -9.221221 11.446446 13.674675 -0.127127 14.310310 16.462463 -3.656657 8.302302 8.565565 13.311312 -14.985986 -10.357357 9.863864 -8.671672 -4.378378 -6.520521 -12.724725 1.416416 -15.304304 2.893894 -9.256256 11.001001
9.813814 3470.000000 -3.882883 12.217217 -8.877878 5.129129 -2.466466 11.263264 -6.614614 5.060060 -4.428429 2.446446 -3.644645 6.954955 5.202202 14.034034 7.297297 -8.407408 -5.651652 1.456456 8.307307 -8.052052 8.310310 2.958959 1.826827 -6.469470 -2.763764 5.259259 7.805806 12.621622 -4.487487 -0.098098 13.501501 -11.454454 6.256256 5.866867 -8.218218 -4.713714 10.163163 14.332333 -11.077077 14.982983 9.518518 -8.069069 4.144144 8.223224 1.812813 -3.180180 -10.101101 15.672672
-9.431432 -13.713714 3390.000000 9.142142 -6.581582 -6.576577 -7.329329 13.847848 -8.949950 -10.810811 0.515516 -9.646646 6.645646 8.981982 2.838839 -2.040040 -2.952953 -8.742743 -13.467467 -3.171171 7.664665 5.703704 -6.009009 7.394394 9.946947 -9.488488 13.408408 -15.629630 4.662663 4.257257 -1.965966 -7.314314 6.586586 13.519520 -0.988989 9.873874 1.841842 -7.833834 -13.580581 7.832833 -14.492493 9.430430 -0.842843 -0.704705 6.724725 0.293293 1.472472 13.116117 0.912913 10.517517
-11.613614 11.717718 -7.647648 3980.000000 13.019019 10.011011 -12.486486 1.624625 -10.757758 15.514515 11.198198 -13.389389 -7.688689 16.206205 -0.512513 -9.503504 -7.551551 -3.383383 1.555556 5.057057 6.464465 11.914915 10.729730 16.629629 -4.011011 5.278278 8.058058 10.710711 5.376376 -11.302302 -1.996997 0.202202 -0.916917 10.140141 -3.732733 0.408408 -10.042042 2.371371 11.799800 -11.272272 16.666666 -14.001001 15.788789 1.768769 4.065065 0.427427 5.284284 14.184184 15.968969 5.671672
-9.737738 14.390390 15.720720 14.346346 4530.000000 -12.940941 4.790791 7.956957 -12.920921 -12.064064 15.645646 -4.784785 14.590590 -11.909910 9.083083 -3.891892 15.572573 1.131131 5.090090 14.242242 1.706707 6.509510 5.423423 10.792792 9.729730 -14.356357 4.155155 8.173173 7.711712 10.374374 5.196196 8.761762 -4.611612 11.685686 15.028028 -11.996997 12.552552 -11.781782 -4.729730 8.013013 15.545546 -12.704704 5.702703 -10.599600 -8.127127 -5.213213 -2.425426 7.458458 10.557557 -15.065065
12.615616 -5.587587 -12.133133 4.077077 -14.817818 4450.000000 14.042042 14.574574 1.366366 -11.512512 3.830831 -3.916917 15.681682 11.437437 8.485485 -2.312312 10.353354 -11.210210 -15.186186 14.829830 -8.542542 7.151151 -1.858859 7.739740 -13.105105 11.014014 15.575576 0.918919 -1.928929 -15.348349 4.036036 -10.022022 4.663664 7.497498 14.236237 -11.032032 7.137137 -0.497497 13.871872 10.125125 9.608608 6.244244 4.029029 13.951952 -6.701702 -12.528528 -14.770771 15.167167 12.788789 -8.366366
11.957958 -11.160160 6.109109 8.103103 0.472472 -8.156157 3750.000000 -13.962963 -12.054054 12.741742 0.010010 0.377377 15.747747 -1.957958 11.288288 4.337337 6.890891 -5.657658 12.806807 1.680681 -8.711712 1.483483 15.116117 12.538539 -0.783784 1.048048 3.848849 10.066066 9.424424 -15.083083 5.746747 -11.115115 -6.074074 -10.976977 7.907908 14.624624 -13.326326 -10.190190 -6.300300 -10.918919 -11.441442 -3.466466 14.354354 -2.853854 -3.244244 0.134134 2.067067 -14.004004 3.638639 13.385386
-1.964965 3.489490 -9.111111 -5.736737 9.247248 8.690691 -6.371371 3700.000000 3.457458 -10.557557 -2.205205 0.959960 10.571571 -9.675675 7.985986 -11.422422 -12.940941 -1.305305 16.203203 -4.536537 2.030030 13.778779 11.912913 9.800801 7.989990 -15.905906 -6.548549 -3.513514 -15.496496 3.765766 -9.991992 -0.694695 12.991992 -6.177177 -11.407408 3.303303 -11.511512 13.447448 4.828829 -11.087087 2.574574 0.853854 -4.805806 2.537538 -11.872873 -9.647648 13.530531 -13.675675 -11.905906 -1.079079
14.243243 11.855856 -0.266266 5.588589 0.229229 4.469470 2.131131 4.185185 3300.000000 -3.442442 4.026026 -4.840841 -2.344344 -3.459460 -1.829830 -4.601602 -9.954955 -12.933934 -12.751752 -2.618619 -1.899900 -8.060061 0.375375 -10.629630 10.597597 3.720721 2.804805 0.797798 16.075075 6.713714 11.470470 -10.667667 1.300300 -14.338338 -9.017017 -7.006006 7.459459 -9.104104 6.715716 3.005005 7.284284 -13.772773 12.787787 13.518518 5.959960 9.550550 13.988989 -0.839840 -2.183183 11.642643
12.262262 14.087087 -15.143143 1.510511 -15.241241 -0.505506 -15.692693 -4.994995 -7.080080 3610.000000 1.663664 1.415415 13.568568 10.586587 -5.189189 3.983984 -14.924925 -10.893894 2.476476 5.058058 -12.394394 -7.236236 3.425426 -6.594594 0.866867 -1.593594 7.625626 2.819820 11.193193 -2.923924 11.404405 -11.657658 9.787787 3.387387 -10.167167 -15.584584 -2.047047 11.150150 -15.248248 8.908909 0.314314 -9.428429 2.464464 13.330330 5.095095 5.961962 9.130130 -0.851852 -3.567568 -8.344344
0.277277 10.161161 -2.210210 -13.298298 6.060060 -10.378378 -3.732733 5.215215 8.682683 -0.739740 3860.000000 14.938939 -5.573574 1.706707 -3.188188 -11.872873 -14.509509 -1.327327 5.305305 5.285285 11.680680 -11.222222 6.353354 15.083083 -1.632633 12.578579 -14.519520 -14.634635 -10.058058 11.104104 11.800801 15.803803 -3.612613 -4.967968 13.379379 -0.920921 13.402403 -11.564565 -0.682683 8.359360 -4.313313 14.605606 -8.445445 13.966967 5.829830 14.299299 -4.557558 8.578579 -9.584584 -3.277277
-6.309309 -3.324324 -3.828829 -14.418419 -2.473474 9.170170 15.392392 -5.090090 8.483483 -7.471471 11.055055 3450.000000 -9.747747 -4.267267 -0.345345 6.927928 -0.786787 12.383384 -12.208208 12.628629 15.469469 -0.322322 1.317317 -8.184184 16.626627 -10.797798 3.085085 -2.094094 0.115115 -8.762763 3.718719 -10.567568 4.312312 1.121121 -2.574574 -6.086086 -1.747748 6.186186 -5.520521 14.497498 -14.615616 6.605606 12.001001 -3.877878 -5.614614 14.252253 -0.546547 -12.474475 7.253253 10.125125
-13.107107 -4.194194 -10.298298 -11.563563 5.979980 -2.122122 8.507507 2.315315 6.187187 -0.856857 10.389389 11.226226 3210.000000 13.295296 1.493493 2.644645 5.970971 -15.204205 5.269269 -8.690691 -11.701702 -12.862863 12.988989 7.776777 -5.161161 -3.189189 -6.478478 7.595595 -1.518519 2.530530 12.587587 9.642643 -0.305305 12.003003 3.319319 1.325325 3.402402 -5.797798 -7.231231 -15.203203 -0.743744 8.247248 -1.850851 -2.910911 -12.669670 -0.775776 3.883884 -13.704704 9.258258 4.072072
-12.356357 -0.057057 -2.759760 -14.546547 12.829830 10.049049 -8.648648 3.946947 -5.092092 -4.977978 12.762763 12.071071 11.827827 3650.000000 12.112112 13.275275 11.549549 -15.940941 0.641642 0.622623 16.503504 0.367367 -3.860861 -8.117117 6.005005 -6.800801 -10.313313 2.164164 -13.940941 3.749750 -8.336336 8.411411 -14.833834 -13.487488 2.222222 9.294294 -6.437438 -4.347347 -2.553554 5.205205 10.916917 13.215216 6.046046 1.900901 -9.686687 -9.924925 6.981982 -6.295295 7.545546 -1.821822
-14.722723 -2.998999 -15.670671 15.369370 7.605606 -8.462462 16.090090 -4.248248 -1.085085 4.279279 9.720720 9.306306 0.091091 -3.491492 4440.000000 -11.528528 -2.513514 -14.269269 -14.631632 13.443443 5.956957 -2.514514 -6.556557 -14.917918 -11.796797 16.200201 -12.294294 10.789790 -3.128128 -10.600600 -10.414414 -8.552552 -8.986987 -11.179179 -13.608608 -2.830831 8.550550 -7.673674 15.664664 -14.431432 15.153153 13.363363 -5.907908 -8.911912 12.764765 9.084085 13.647648 -4.900901 -9.398398 -1.337337
7.155155 14.901902 6.641642 -13.084085 -2.088088 14.959960 15.236237 -6.428429 -0.405405 14.477477 -8.731731 12.891891 -6.127127 -5.342342 -0.719720 3650.000000 3.160160 12.562563 3.595596 -11.413413 -2.886887 -6.304304 -13.739739 -2.769770 11.124125 3.846847 4.838839 -2.318318 -14.188189 13.095095 2.459460 -6.388388 0.952953 -14.666667 -13.816817 -11.153153 -13.531531 -4.994995 -7.533534 -3.354354 10.289289 -9.200200 -3.412412 -12.462462 -3.863864 -9.577578 4.832833 10.457458 3.827828 -1.834835
-5.714715 16.682682 -9.254254 3.005005 4.625626 14.924925 -9.707707 4.954955 13.987988 -11.328328 -13.262262 0.988989 1.677678 7.326326 -4.081081 9.469469 4240.000000 -4.945946 -8.014014 -1.198198 2.543544 15.276277 -7.170170 -3.955956 16.168169 9.920921 10.029029 11.582582 15.751752 15.367368 11.912913 -9.977978 11.890891 -8.998999 -0.802803 13.792792 11.957958 -12.888889 13.796797 -14.387387 9.215216 -15.151151 16.242243 0.332332 2.996997 3.778779 9.934935 9.064064 9.992993 6.538538
-13.140141 -13.840841 10.240240 -0.657658 7.379379 -10.877878 -15.327328 -10.951952 -11.271272 10.004004 -12.160160 -1.288288 6.859860 -7.599599 -13.793794 -0.842843 -2.574574 3630.000000 -3.906907 -8.717718 -11.438438 3.645646 -10.753754 -1.766767 13.663664 4.502502 1.687688 5.368368 -15.994995 5.299299 12.252253 0.725726 14.215216 -0.089089 -6.345345 -10.053053 4.423423 -4.429430 -2.306306 7.151151 -11.061061 -12.226226 -11.371371 -4.299299 -10.362362 10.594595 7.954955 6.788789 -1.682683 -3.090090
-9.006006 -0.645646 7.039039 -13.299299 15.334334 -15.530531 -10.929930 -8.497498 6.339339 -5.484485 11.864865 -12.419419 7.750751 -2.932933 -8.904905 1.915916 9.812813 -11.779779 4060.000000 9.152152 16.543543 -8.313313 6.889890 -2.788789 0.573574 1.569570 15.540541 -14.679680 0.779780 -11.241241 -12.919920 -8.640640 11.146146 8.867867 -13.598598 -5.346346 14.455456 6.826827 -9.548549 -10.439440 6.071071 12.071071 11.966967 11.938939 0.594595 -8.561562 3.674675 4.258258 -2.139139 -11.882883
-13.224224 -8.148149 -0.538539 10.539539 11.132133 9.653654 -13.347347 4.378378 -2.612613 -10.476477 16.453453 -5.243243 -13.150150 -1.279279 -14.041041 10.192192 -3.447448 -9.995996 8.910911 3880.000000 5.324324 11.528528 3.324324 -6.695696 -10.106106 4.229229 -8.181181 -11.059059 12.050050 3.645646 8.673674 9.215216 13.483483 5.084084 0.011011 9.613614 8.145145 13.865866 -11.228229 -14.987988 0.721722 -1.228228 5.268268 -14.703704 -6.914915 8.018018 -10.629630 -13.484485 -2.285285 1.876877
-14.872873 -0.091091 -6.471471 -10.716717 13.866867 -2.483484 5.552553 -10.268269 12.182182 3.901902 14.242242 14.213213 8.050050 -1.680681 7.088088 12.884885 3.083083 9.643643 9.532533 16.039040 4090.000000 15.582582 14.213213 -10.343344 12.848849 -4.285285 6.372372 -7.105105 10.242242 12.257257 4.439439 -5.180180 -7.941942 12.099099 -14.369370 3.328328 1.190190 11.228229 9.175175 -5.246246 -9.035035 -5.730731 13.400400 1.917918 7.912913 -6.541542 -7.098098 13.115115 -9.508509 7.784785
-0.778779 6.987988 12.974975 -2.976977 15.255256 5.398398 16.137136 4.975976 -0.381381 10.024024 -14.841842 -9.343344 -12.798799 0.009009 9.978979 12.138138 -15.479480 -12.409410 7.713714 13.788789 5.316316 4230.000000 -14.423424 -7.179179 -15.006006 15.745746 0.710711 -7.314314 -15.038038 4.661662 6.574574 10.421421 -0.932933 -5.048048 -11.307307 -12.903904 2.766767 -8.162162 -10.994995 1.269269 16.460461 2.301301 -4.768769 14.582582 3.601602 -15.956957 16.091091 11.023023 -1.783784 -8.177177
-9.221221 10.170170 -12.741742 9.701702 -15.250250 8.758759 8.023023 -9.097097 -7.781782 -13.118118 -13.967968 -12.562563 -5.802803 0.359359 3.246246 5.596597 -13.879880 3.585586 -2.807808 -5.754755 0.648649 14.806807 3820.000000 -4.351351 3.697698 5.725726 1.563564 12.946947 -15.478478 -3.827828 7.056056 -15.197197 -13.348349 -1.829830 2.608609 11.763763 6.943944 -5.093093 2.607608 11.226226 1.532533 -7.449450 -12.400400 -4.819820 -8.451451 2.431432 11.063063 16.413414 15.388389 -8.498499
7.699700 -6.687688 -14.013013 -13.372373 -6.908909 0.611612 -12.882883 9.801802 16.140141 -10.232232 -15.277277 -2.968969 -3.493494 -14.466467 12.127127 1.212212 -10.702703 -15.184184 1.939940 11.716717 -7.604605 13.971972 -4.520521 3580.000000 2.677678 -2.948949 0.943944 -14.906907 -5.854855 -10.485485 1.549550 -12.918919 -0.616617 3.558558 8.068069 -1.804805 0.175175 12.362362 0.977978 -0.247247 5.503503 15.383384 -15.329329 -13.331331 -10.041041 -2.358358 -1.080080 2.743744 5.182182 -6.909910
14.846847 -2.335335 6.158158 -13.375376 -12.994995 2.845846 0.202202 -3.964965 -11.179179 -8.370370 -5.153153 2.841842 14.185185 -13.417418 -8.337337 7.726727 -4.341341 8.998999 -5.758759 10.695696 15.688688 6.946947 14.955956 -5.109109 3850.000000 12.980981 15.928929 9.380381 -9.525525 11.837838 -1.557558 3.443444 -10.703704 -1.148148 12.193193 -0.305305 2.385385 4.605606 3.437438 -3.852853 -15.855856 8.946947 -4.954955 -12.240240 5.000000 11.893894 -7.318318 -10.416416 5.658659 -12.249249
11.750751 -7.166166 14.986987 -10.027027 12.920921 -1.584585 4.340340 1.885886 9.657658 -6.374374 10.757758 -2.408408 4.386386 16.554554 -2.950951 5.003003 16.722723 9.913914 15.617618 12.104104 -8.428429 2.422422 12.803803 0.376376 14.545546 3660.000000 4.623624 12.122122 -0.691692 -0.476476 -6.515515 10.790791 -4.113113 6.223223 -4.067067 -1.349349 -10.649650 -1.293293 10.240240 -13.071071 9.909910 6.282282 -1.339339 -12.471472 14.245245 1.328328 8.387387 15.071071 -1.706707 -8.558558
14.026026 5.969970 -1.883884 -11.877878 -0.786787 4.077077 12.673674 12.953954 -8.589589 -5.195195 -2.861862 -9.434435 9.884885 -0.319319 -6.639640 -15.465466 1.714715 10.020020 -11.481482 2.338338 -11.755755 10.880881 -5.023023 -10.524525 4.801802 1.996997 3490.000000 -6.702703 -9.483483 4.430430 6.178178 1.461461 -1.742743 -7.541542 12.508509 -6.863864 -4.088088 1.828829 -13.316317 3.085085 -10.158158 -6.897898 -6.711712 15.151151 4.128128 16.410410 -9.594595 10.066066 -9.558558 -6.053053
10.627627 -15.889890 -10.645646 -5.465466 13.875875 1.160160 -5.276276 -11.431432 -12.942943 -3.782783 5.972973 -9.517517 -3.626627 16.183184 15.088088 3.447448 12.912913 -7.227227 -13.235235 -15.360360 4.555555 -4.283283 4.921922 0.199199 16.404404 -4.450450 -11.988989 3930.000000 11.181181 -14.264264 -0.849850 11.523523 11.799800 -14.552552 -4.103103 -0.888889 -10.454454 -14.488488 12.893894 -13.956957 7.298298 14.867867 15.812813 -0.146146 -4.399399 -3.561562 -6.584585 -1.958959 -0.984985 -3.827828
-14.640640 -14.457458 8.190190 9.340341 -10.620621 2.106106 -14.546547 -13.746747 3.054054 1.065065 -13.427427 -4.108108 12.602603 -14.533533 2.485486 15.998999 -12.876877 -3.344344 14.053053 2.534534 -14.097097 -6.758759 14.830831 -10.546547 10.819819 2.794795 2.907908 -13.911912 4320.000000 -6.230230 -7.969970 13.493493 2.212212 13.995996 10.217217 14.269269 7.670671 10.458459 4.931932 9.980981 -10.698699 7.892893 16.589590 11.107107 -3.916917 -4.681682 14.662663 -11.962963 4.811812 1.236236
-12.212213 -1.544545 -15.129129 1.812813 10.109109 -7.591591 11.500501 11.581581 -10.333333 13.615616 10.379379 0.985986 1.893894 -9.674675 11.961962 -9.721722 -4.409410 -1.755756 6.375375 -3.084084 4.056056 -7.924925 14.924925 -10.836837 9.565565 -13.426427 -6.196196 15.045045 3.429430 3680.000000 -10.737738 3.349349 13.068069 2.526526 -4.161161 -3.771772 15.116117 -1.215215 2.489490 14.915915 -2.025025 -6.271271 6.239239 -9.929930 -5.530530 4.479479 -13.829830 7.900901 -12.812813 -0.768769
10.997998 -8.435435 -0.827828 -9.894895 13.819819 -12.609610 10.160160 -6.682683 -2.299299 11.437437 11.011011 1.204204 8.902903 2.712713 0.532533 -4.174174 -14.626627 -13.412413 7.756757 -15.334334 -1.854855 10.721722 9.454454 -10.237237 9.239240 -10.175175 -10.056056 3.591592 -8.270270 5.592593 3730.000000 7.019019 -5.231231 -15.485485 -4.652653 -2.936937 15.206206 -11.286286 2.559560 -11.418419 13.036036 9.713714 2.757758 3.206206 -2.115115 8.273273 -2.851852 9.655656 -1.031031 8.612613
-12.535536 -7.244244 9.749750 6.151151 10.850851 -15.924925 14.904905 -10.918919 -2.767768 1.924925 -5.945946 -3.087087 7.790791 -3.977978 9.842843 -8.498499 -13.623624 6.967968 12.429429 -11.505506 8.871872 12.638638 -7.206206 -4.886887 -1.654655 -0.357357 -14.315315 5.398398 -10.594595 -5.656657 -2.958959 3950.000000 7.994995 1.185185 12.710711 -15.219219 -5.962963 9.251251 -0.715716 2.292292 13.969970 14.766767 -11.719720 4.642642 9.779779 -9.118118 -9.501501 -11.714715 -12.422422 14.861862
-4.239239 -8.677678 -9.268269 -8.016016 1.687688 11.304304 6.173173 6.316316 -1.295295 -11.315315 1.719720 16.043043 -13.867867 -7.722723 13.429429 -10.889890 12.161161 5.011011 -11.189189 -15.902903 -15.450451 3.936937 -6.280280 -7.173173 -0.724725 -4.809810 -3.245245 0.863864 15.542542 9.052052 2.996997 -15.986987 3740.000000 11.012012 13.300301 1.740741 -13.449450 -3.622623 -9.432432 7.249249 -5.329329 -5.248248 -1.967968 -5.670671 -13.889890 -10.512512 2.174174 2.312312 10.160160 3.268268
-2.705706 8.849850 6.202202 -5.881882 9.970971 -13.755755 16.027027 9.787787 -15.579579 -12.943944 13.104104 15.212213 -7.399399 9.915915 -2.346346 4.998999 15.660661 3.253253 5.946947 12.451451 2.977978 -12.509509 -6.164164 3.843844 13.009009 -2.593594 -2.631632 -8.894895 -5.838839 -10.804805 5.689690 -9.198198 -6.066066 3800.000000 14.663664 -1.432432 -6.265265 13.380381 -8.350350 0.491491 -6.394394 -6.424425 -9.762763 -6.201201 3.484484 -7.712713 14.182182 5.549550 7.622622 8.094094
0.561562 16.065065 -14.820821 -1.283283 13.377378 5.430430 -11.959960 12.502502 0.823824 -3.022022 -1.952953 -2.408408 -5.342342 -11.909910 -8.897898 7.330330 6.483483 3.038038 -4.051051 -4.778779 7.383383 -5.815816 -15.337337 16.362362 0.123123 -9.724725 5.866867 -4.128128 12.749750 -11.449450 4.120120 12.458459 -9.995996 -10.613614 3350.000000 -4.773774 1.793794 -1.793794 0.842843 11.469469 -9.283283 -0.221221 11.212213 10.755755 2.697698 -7.966967 6.295295 6.250250 -8.465466 -13.891891
-9.322322 -15.021021 10.191191 -5.826827 -11.330330 3.179179 10.866867 10.125125 -8.508509 -11.963964 1.052052 4.716717 -7.586586 -2.831832 7.213213 5.806807 -3.916917 -2.057057 2.914915 -9.908909 3.056056 16.384384 7.417418 -14.994995 -13.037037 12.968969 -13.232232 8.755755 -3.464464 7.061061 -6.983984 -15.217217 6.307307 4.092092 9.563563 3870.000000 9.031031 -15.183183 3.896897 -13.940941 6.428429 2.773774 16.511511 15.584584 -2.312312 -6.730731 0.049049 0.343343 15.960961 -3.982983
-8.109109 -1.769770 -15.753754 1.150150 6.216216 -3.419420 -1.467467 -10.464464 -0.848849 -11.989990 -10.429429 0.321321 14.651651 -3.907908 -5.649650 9.421421 11.912913 6.793794 -11.325325 9.492493 6.768769 7.613614 -12.930931 9.503504 -4.928929 -8.081081 -15.348349 16.434435 -4.703704 -0.762763 -12.021021 12.422422 6.399399 16.193193 4.705706 -10.106106 3950.000000 5.652653 9.476477 -7.611612 -9.344344 -12.827827 -14.527528 -5.985986 7.889890 9.887888 -6.554554 -8.347347 -12.220221 6.564565
6.852853 11.644645 -5.237237 -6.853854 -10.264264 11.468469 0.802803 12.109109 -11.259259 1.358358 0.268268 -11.246246 -5.659660 5.558558 15.442443 13.973974 -1.351351 -8.630630 1.904905 8.993994 4.875876 8.882883 7.414414 7.243243 -10.562563 13.549549 3.104104 8.849850 -1.845846 8.100101 3.030030 -13.090090 16.745747 8.737738 -10.716717 -14.954955 -6.130130 3540.000000 -3.698699 -0.233233 -15.087087 -1.437437 2.799800 13.587587 7.569570 0.450450 -15.055055 3.592592 3.816817 -1.046046
8.804805 -3.796797 -8.663664 -5.402402 -5.915916 -7.152152 11.789790 3.359359 11.193193 1.283283 -8.234234 -14.102102 -10.749750 -2.735736 9.455456 2.862863 -7.739740 -14.280280 0.440440 -13.600600 6.688689 -13.868869 -13.944945 10.393394 4.053053 12.852853 -11.084085 -9.653654 8.961962 6.295295 -2.525526 -9.351352 -14.976977 15.302302 -3.009009 4.540541 -9.351352 -3.761762 4060.000000 -9.096096 -9.219219 -11.684685 11.891891 -15.589589 6.156156 -2.118118 14.010010 13.534534 -13.851851 -9.594595
-0.856857 3.778779 -11.591592 11.666667 10.175175 -8.976977 -14.287288 -15.908909 -13.244245 2.321321 14.466467 -13.051051 -5.185185 -5.318318 -14.723723 8.739739 5.896897 -3.659660 1.217217 13.291291 14.562563 -11.732733 12.216216 -3.298298 -13.530531 -1.576577 11.985986 -8.952953 -1.037037 12.093093 -0.471471 -12.837838 1.196196 6.814815 -6.766767 -5.139139 14.807808 10.446446 8.391392 4210.000000 5.388388 -1.124124 -9.038038 -14.748749 16.152153 -8.893894 12.009009 10.187187 -9.168168 -5.745746
-5.978979 16.305305 8.453453 -7.842843 -4.828829 13.222222 -3.836837 -9.051051 -5.295295 -11.734735 3.593594 -12.697698 8.704704 -10.324325 6.542542 3.876877 4.256256 -5.373374 -4.588589 -7.913914 14.823824 -6.418418 5.039039 9.132133 -9.523523 -15.480480 -11.473474 10.200200 15.386386 13.344344 11.706707 -9.238238 -0.180180 -13.193193 14.867867 16.708708 3.846847 -15.321321 11.958959 -8.375376 4080.000000 10.271272 6.704705 10.955956 3.307307 4.456457 3.851852 4.357358 1.499499 13.503504
-14.626627 7.987988 -6.128128 -8.958959 0.258258 -2.358358 -3.640641 10.101101 8.105105 1.264264 -8.298298 4.731732 -14.050050 12.170170 13.494494 13.948949 4.154154 -4.921922 -15.435435 14.701702 -6.429430 -1.688689 -8.709710 -11.381381 -7.775776 8.264264 -13.709710 -1.960961 3.318318 -14.126126 -5.291291 -2.345345 -9.598598 16.422422 13.322322 10.092093 -5.678679 -4.423423 -11.111111 -1.837838 12.179179 3990.000000 16.173174 -3.500500 16.519520 -12.591592 -5.945946 -0.693694 -15.417418 9.052052
-4.625626 2.944945 -12.165165 9.895896 -1.488488 -4.706707 14.805806 -12.530531 6.734735 -4.614614 3.860861 -7.327327 -9.446446 0.867868 -11.469469 -6.913914 -9.714715 12.398398 12.029029 2.339339 10.867867 -7.499499 8.762763 13.243243 13.341341 -6.380380 -1.704705 10.433434 -4.167167 -15.121121 2.352352 -6.163163 9.250250 5.887888 -2.484484 -6.508509 2.127127 13.101101 3.028028 7.038038 -4.156156 14.279280 3620.000000 4.419419 -7.371371 -12.242242 -4.279279 -3.298298 -13.603603 -14.747747
1.305305 -14.448448 3.619620 13.335336 10.997998 -12.913914 -13.325325 -6.110110 11.685686 12.224224 4.486486 -10.904905 10.384384 0.468468 12.489490 7.234234 14.100101 15.633634 7.529530 1.272272 -11.007007 11.657658 -3.450450 -0.269269 13.074074 1.806807 1.457457 -2.238238 0.256256 5.014014 11.019019 7.173173 -2.799800 12.264264 3.798799 -8.290290 4.350350 2.760761 -14.234234 -12.067067 -5.379379 -9.612613 2.599600 3660.000000 -0.474474 -0.995996 4.715716 16.313313 -15.000000 12.685686
-15.770771 -6.133133 9.930931 -3.755756 -0.494494 -12.023023 -3.992993 -0.645646 14.482483 13.944945 -4.453454 13.195195 -11.562563 -14.501501 -9.310310 -13.449450 12.181181 -0.905906 12.211211 -1.705706 7.931932 -8.003003 4.956957 9.155155 2.480480 9.282282 -1.452452 9.728728 -1.122122 2.478478 10.354354 -12.367368 -2.930931 1.366366 9.792792 5.937938 8.691691 8.077077 -5.857858 12.604605 -6.724725 -4.207207 12.925926 1.040040 3740.000000 -15.602603 -5.725726 10.312312 -6.331331 -15.016016
-2.504504 -5.260260 -1.785786 15.155155 -9.123123 2.580580 13.360360 9.830831 8.548549 4.750751 -11.549549 -6.490490 15.026026 10.088088 9.411411 10.677678 3.259259 4.903904 8.613614 16.317318 15.623624 -7.474474 -5.267267 10.422422 -9.546547 -1.428428 -8.168168 -4.737738 9.179179 -10.329329 8.488488 6.499499 -6.156156 -2.226226 13.382382 -6.296296 -12.314314 4.146146 8.598598 -1.824825 2.949950 6.403403 13.032032 10.011011 11.001001 4040.000000 14.346346 -14.867867 10.132133 7.532533
-2.899900 -5.393394 -8.282282 -10.488488 7.073073 2.969970 2.515516 -12.365365 -1.393393 2.308308 -7.447447 -4.222222 15.391392 -1.215215 7.224224 -2.300300 -7.673674 -12.033033 -13.384384 15.557557 -8.722723 6.066066 -6.900901 -11.155155 -5.654655 -0.189189 -1.007007 -10.904905 1.886887 -4.311311 -10.260261 12.837838 -14.693694 16.081081 6.422422 -10.620621 15.443443 -6.600601 -2.579580 0.302302 -14.629630 15.376376 -11.327328 2.407408 2.853854 4.608609 3700.000000 2.244244 -14.334334 -14.507507
0.423423 6.743744 -5.793794 8.880881 -4.531531 9.262262 -1.361361 1.963964 1.240240 -8.404405 -8.227227 -8.670671 4.936937 4.460461 -2.286286 15.501501 1.253253 11.773774 1.912913 10.899899 -5.796797 -12.330330 8.637638 4.334334 -2.262262 -15.643643 -10.920921 10.366366 3.361361 3.760761 -8.259259 -0.546547 -2.210210 14.261261 14.317317 -8.780781 -1.145145 11.061061 7.087087 15.549549 -4.096096 2.301301 0.668669 -4.140140 -7.499499 16.265265 6.524525 3260.000000 4.855856 11.760760
11.079079 -4.516517 -15.777778 16.658659 7.042042 -2.526526 8.673674 15.853854 -10.806807 11.677678 -9.123123 12.027027 -10.579579 3.048048 1.720721 10.091091 12.667667 12.508509 -2.820821 -12.125125 14.189189 -0.328328 15.474475 -2.449450 9.364365 9.513514 -7.265265 1.142142 -2.728729 12.145145 1.798799 11.035035 -13.939939 -5.210210 -3.235235 7.613614 -1.853854 15.910911 -0.869870 8.145145 15.248248 13.388389 4.936937 -11.356357 3.697698 -4.902903 -8.851851 0.039039 3970.000000 10.199199
-10.510510 16.365366 -5.033033 4.658659 15.561562 -12.496496 -4.427427 8.946947 -14.533533 -4.993994 1.606607 7.014014 -1.823824 -0.485485 -1.896897 0.082082 0.637638 -3.291291 12.835835 7.986987 1.082082 4.706707 10.620621 -3.234234 11.530531 11.040040 7.288288 0.051051 -0.670671 -9.065065 2.545546 -3.434434 12.758759 -6.187187 3.370370 8.066066 6.104104 16.148148 -0.466466 12.843843 -11.549549 -14.402403 -1.088088 7.919920 -11.194194 0.941942 -15.822823 11.848849 2.576576 3240.000000
MEMB
-3.079079
13.269269
2.431432
-15.563563
14.012012
-14.893894
14.574574
10.069069
-13.765766
2.380380
15.445445
-9.364365
-0.785786
-6.889890
10.682683
-1.071071
8.272272
13.071071
-14.235235
-2.704705
-7.188188
16.309309
-8.235235
10.881882
14.691691
12.148149
-9.966967
7.285285
9.380381
7.004004
14.440440
4.324324
7.938939
-1.451451
12.601602
-7.140140
-4.551551
10.930931
-9.690691
-0.394394
5.504505
12.185185
-15.398398
8.022022
-15.594595
-2.241241
-2.316316
-3.353353
-8.129129
15.679680
MEMX
7.531531
9.782783
9.496496
-9.123123
-9.387387
-4.951952
-10.624624
9.808809
6.926927
11.539539
4.530530
4.484485
-12.385386
-14.487488
-14.449450
-10.957958
-3.057057
10.927928
-12.516517
-15.218218
-14.298298
10.955956
12.190190
-0.414414
4.631632
-12.603603
2.201201
-15.137137
-6.691692
2.124124
15.292293
4.719720
14.717718
2.272272
15.001001
15.704704
-14.677678
10.912913
7.917918
16.637638
0.480480
7.719720
-4.226226
-0.345345
9.808809
-11.425426
13.942943
2.791792
7.931932
-12.188189
MEMC
27025.673828
34034.261719
32352.332031
-36501.335938
-42726.398438
-22353.441406
-40642.753906
36835.167969
22656.869141
41692.101563
18039.941406
15408.322266
-40244.847656
-53479.882813
-65983.398438
-39506.078125
-13334.046875
40112.835938
-51427.773438
-59432.378906
-58927.074219
45616.085938
46574.562500
-639.073425
17965.080078
-46148.863281
8377.973633
-60210.238281
-28159.923828
7143.181641
56517.882813
18277.134766
55983.234375
8836.252930
50778.562500
60317.429688
-59433.316406
37797.867188
31605.142578
69929.781250
1890.515869
30332.583984
-15163.681641
-1775.771240
37702.097656
-46974.015625
50608.832031
8756.501953
31697.621094
-39482.617188