//A
315, -17, 60 ,  63,  -45,  -34,  -35, -1,
1  , 528, -35,  57,   17,   -6,   13, -49,
33 ,   1, 801,  22,   19,   41,  -51, -56,
51 , -16, 60 ,1098,   -3,   49,  -50, -55,
57 ,  12, -14, -17, 1354,   19,  -62, 32,
23 , -61, -8 ,  63,   56, 1639,  -12, -61,
-14,  28, 39 ,   0,   -9,    7, 1818, 39,
 12, -57, 41,   47,   30,  -29, -18, 2079

//A COM 0
   0, -17, 60 ,  63,  -45,  -34,  -35, -1,
 1  ,   0, -35,  57,   17,   -6,   13, -49,
 33 ,   1,   0,  22,   19,   41,  -51, -56,
 51 , -16, 60 ,   0,   -3,   49,  -50, -55,
 57 ,  12, -14, -17,    0,   19,  -62, 32,
 23 , -61, -8 ,  63,   56,    0,  -12, -61,
 -14,  28, 39 ,   0,   -9,    7,   0, 39,
  12, -57, 41,   47,   30,  -29, -18,  0

//B
 57,
 36,
  7,
 28,
 -6,
-37,
 30,
-41

//X
 57,
 55,
 43,
 50,
 57,
 61,
-41,
 11
